0	-82.1041	-48.4774
1	-80.7239	-60.7872
2	-80.2865	-67.9234
3	-80.3338	-72.1609
4	-80.6175	-74.7707
5	-81.0042	-76.4599
6	-81.4234	-77.62
7	-81.839	-78.4677
8	-82.2331	-79.1233
9	-82.598	-79.6546
10	-82.9312	-80.1003
11	-83.2325	-80.4831
12	-83.5034	-80.8169
13	-83.7457	-81.1106
14	-83.9615	-81.3702
15	-84.1531	-81.6001
16	-84.3225	-81.8038
17	-84.4718	-81.984
18	-84.603	-82.1431
19	-84.718	-82.2833
20	-84.2983	-82.4065
21	12.278	-69.8335
22	21.3327	-33.5772
23	12.1356	-14.7889
24	7.22176	-5.93705
25	4.80353	-1.94158
26	3.74614	-0.246852
27	3.47577	0.417979
28	3.68762	0.680951
29	4.20117	0.841156
30	4.89597	1.02643
31	5.68396	1.27548
32	6.49863	1.58236
33	7.29113	1.92149
34	8.0286	2.26211
35	8.69235	2.57649
36	9.27523	2.84391
37	9.77812	3.05177
38	10.2074	3.19498
39	10.5726	3.27454
40	10.8838	3.29571
41	11.1508	3.26612
42	11.3819	3.1943
43	11.5836	3.08856
44	11.7613	2.95635
45	11.9186	2.80392
46	12.0583	2.63628
47	12.1822	2.45724
48	12.2914	2.26964
49	12.3868	2.07545
50	12.4689	1.87603
51	12.5379	1.67225
52	12.5941	1.46465
53	12.6374	1.25351
54	12.6681	1.03899
55	12.6862	0.82113
56	12.6918	0.599936
57	12.6851	0.375392
58	12.6662	0.147481
59	12.6354	-0.0838002
60	12.5928	-0.318434
61	12.5387	-0.55638
62	12.4733	-0.797574
63	12.3971	-1.04193
64	12.3104	-1.28933
65	12.2134	-1.53965
66	12.1065	-1.79275
67	11.9902	-2.04848
68	11.8647	-2.30665
69	11.7305	-2.5671
70	11.5878	-2.82967
71	11.4372	-3.09415
72	11.2789	-3.3604
73	11.1133	-3.62822
74	10.9407	-3.89746
75	10.7615	-4.16796
76	10.5759	-4.43956
77	10.3843	-4.71212
78	10.1869	-4.98551
79	9.98395	-5.25961
80	9.77578	-5.5343
81	9.56258	-5.80949
82	9.34457	-6.08509
83	9.12194	-6.361
84	8.89488	-6.63718
85	8.66355	-6.91355
86	8.42811	-7.19007
87	8.18869	-7.4667
88	7.94542	-7.74341
89	7.69841	-8.02018
90	7.44775	-8.297
91	7.19353	-8.57386
92	6.93583	-8.85076
93	6.67469	-9.12772
94	6.41018	-9.40476
95	6.14232	-9.68189
96	5.87116	-9.95915
97	5.5967	-10.2366
98	5.31896	-10.5142
99	5.03792	-10.7921
100	4.75358	-11.0703
101	4.46591	-11.3489
102	4.17487	-11.6279
103	3.88043	-11.9075
104	3.58251	-12.1876
105	3.28106	-12.4684
106	2.97599	-12.75
107	2.6672	-13.0325
108	2.3546	-13.316
109	2.03804	-13.6006
110	1.7174	-13.8864
111	1.39252	-14.1737
112	1.06322	-14.4624
113	0.729322	-14.7529
114	0.390606	-15.0452
115	0.0468415	-15.3396
116	-0.302227	-15.6363
117	-0.65688	-15.9354
118	-1.01742	-16.2372
119	-1.38419	-16.5421
120	-1.75754	-16.8501
121	-2.13787	-17.1617
122	-2.5256	-17.4772
123	-2.92121	-17.7969
124	-3.32518	-18.1211
125	-3.73805	-18.4503
126	-4.16041	-18.7849
127	-4.59288	-19.1254
128	-5.03611	-19.4721
129	-5.49084	-19.8257
130	-5.95781	-20.1867
131	-6.43783	-20.5556
132	-6.93178	-20.9331
133	-7.44056	-21.32
134	-7.96513	-21.7167
135	-8.50651	-22.1242
136	-9.06575	-22.5432
137	-9.64394	-22.9744
138	-10.2422	-23.4188
139	-10.8618	-23.8772
140	-11.5038	-24.3505
141	-12.1694	-24.8397
142	-12.8598	-25.3456
143	-13.5762	-25.8692
144	-14.3197	-26.4114
145	-15.0914	-26.9731
146	-15.8921	-27.5551
147	-16.7228	-28.1583
148	-17.5841	-28.7833
149	-18.4766	-29.4308
150	-19.4007	-30.1012
151	-20.3564	-30.795
152	-21.3438	-31.5122
153	-22.3626	-32.2531
154	-23.4124	-33.0176
155	-24.4927	-33.8054
156	-25.6027	-34.6162
157	-26.7416	-35.4496
158	-27.9088	-36.305
159	-29.1033	-37.182
160	-30.3246	-38.0799
161	-31.5723	-38.9984
162	-32.846	-39.937
163	-34.146	-40.8956
164	-35.4726	-41.8743
165	-36.8269	-42.8733
166	-38.2063	-43.8928
167	-39.6104	-44.9318
168	-41.0452	-45.9913
169	-42.5152	-47.0738
170	-44.0245	-48.1824
171	-45.577	-49.3203
172	-47.1768	-50.4909
173	-48.8276	-51.6975
174	-50.5328	-52.9438
175	-52.2947	-54.2327
176	-54.1137	-55.567
177	-55.9873	-56.9478
178	-57.909	-58.3748
179	-59.8669	-59.8447
180	-61.8434	-61.3506
181	-63.815	-62.8815
182	-65.7542	-64.4225
183	-67.6317	-65.9547
184	-69.4199	-67.4577
185	-71.0957	-68.9106
186	-72.6427	-70.2946
187	-74.0519	-71.5945
188	-75.3212	-72.7995
189	-76.4538	-73.9035
190	-77.4574	-74.9047
191	-78.3419	-75.805
192	-79.1186	-76.6091
193	-79.799	-77.3232
194	-80.3943	-77.9547
195	-80.9146	-78.5116
196	-81.3695	-79.0014
197	-81.7671	-79.4316
198	-82.1147	-79.8091
199	-82.4188	-80.1399
200	-82.6849	-80.4298
201	-82.9178	-80.6836
202	-83.1217	-80.9057
203	-83.3004	-81.1002
204	-83.457	-81.2702
205	-83.5944	-81.4189
206	-83.7151	-81.549
207	-83.8211	-81.6627
208	-83.9144	-81.7622
209	-83.9967	-81.8491
210	-84.0694	-81.9253
211	-84.1337	-81.9919
212	-84.1907	-82.0504
213	-84.2415	-82.1016
214	-84.2868	-82.1467
215	-84.3274	-82.1865
216	-84.3639	-82.2215
217	-84.3968	-82.2526
218	-84.4267	-82.2802
219	-84.4538	-82.3048
220	-84.4787	-82.3268
221	-84.5015	-82.3467
222	-84.5226	-82.3646
223	-84.5421	-82.3809
224	-84.5603	-82.3957
225	-84.5773	-82.4094
226	-84.5933	-82.4221
227	-84.6085	-82.4338
228	-84.6228	-82.4448
229	-84.6365	-82.4552
230	-84.6495	-82.465
231	-84.6621	-82.4743
232	-84.6741	-82.4833
233	-84.6857	-82.4918
234	-84.697	-82.5001
235	-84.7079	-82.5082
236	-84.7184	-82.516
237	-84.7288	-82.5236
238	-84.7388	-82.531
239	-84.7486	-82.5384
240	-84.7582	-82.5456
241	-84.7676	-82.5526
242	-84.7769	-82.5596
243	-84.7859	-82.5665
244	-84.7948	-82.5734
245	-84.8035	-82.5801
246	-84.8121	-82.5868
247	-84.8206	-82.5934
248	-84.8289	-82.6
249	-84.8371	-82.6065
250	-84.8452	-82.613
251	-84.8531	-82.6194
252	-84.8609	-82.6258
253	-84.8687	-82.6321
254	-84.8763	-82.6384
255	-84.8838	-82.6446
256	-84.8912	-82.6507
257	-84.8985	-82.6569
258	-84.9057	-82.6629
259	-84.9128	-82.669
260	-84.9198	-82.6749
261	-84.9267	-82.6809
262	-84.9336	-82.6867
263	-84.9403	-82.6926
264	-84.9469	-82.6983
265	-84.9535	-82.7041
266	-84.9599	-82.7097
267	-84.9663	-82.7153
268	-84.9726	-82.7209
269	-84.9788	-82.7264
270	-84.9849	-82.7319
271	-84.991	-82.7373
272	-84.9969	-82.7426
273	-85.0028	-82.7479
274	-85.0086	-82.7531
275	-85.0143	-82.7583
276	-85.0199	-82.7634
277	-85.0255	-82.7685
278	-85.031	-82.7735
279	-85.0364	-82.7785
280	-85.0417	-82.7834
281	-85.047	-82.7882
282	-85.0522	-82.793
283	-85.0573	-82.7978
284	-85.0624	-82.8025
285	-85.0674	-82.8071
286	-85.0723	-82.8117
287	-85.0772	-82.8162
288	-85.082	-82.8207
289	-85.0867	-82.8251
290	-85.0913	-82.8295
291	-85.0959	-82.8338
292	-85.1005	-82.838
293	-85.1049	-82.8423
294	-85.1094	-82.8464
295	-85.1137	-82.8505
296	-85.118	-82.8546
297	-85.1222	-82.8586
298	-85.1264	-82.8626
299	-85.1305	-82.8665
300	-85.1346	-82.8703
301	-85.1386	-82.8742
302	-85.1426	-82.8779
303	-85.1465	-82.8817
304	-85.1503	-82.8853
305	-85.1541	-82.889
306	-85.1579	-82.8925
307	-85.1616	-82.8961
308	-85.1653	-82.8996
309	-85.1689	-82.903
310	-85.1724	-82.9064
311	-85.1759	-82.9098
312	-85.1794	-82.9131
313	-85.1828	-82.9164
314	-85.1862	-82.9197
315	-85.1895	-82.9229
316	-85.1928	-82.926
317	-85.196	-82.9292
318	-85.1992	-82.9322
319	-85.2024	-82.9353
320	-85.2055	-82.9383
321	-85.2086	-82.9413
322	-85.2116	-82.9442
323	-85.2146	-82.9471
324	-85.2176	-82.9499
325	-85.2205	-82.9528
326	-85.2234	-82.9556
327	-85.2262	-82.9583
328	-85.229	-82.961
329	-85.2318	-82.9637
330	-85.2345	-82.9664
331	-85.2372	-82.969
332	-85.2399	-82.9716
333	-85.2425	-82.9741
334	-85.2451	-82.9766
335	-85.2477	-82.9791
336	-85.2502	-82.9816
337	-85.2527	-82.984
338	-85.2552	-82.9864
339	-85.2576	-82.9888
340	-85.26	-82.9911
341	-85.2624	-82.9934
342	-85.2648	-82.9957
343	-85.2671	-82.998
344	-85.2694	-83.0002
345	-85.2716	-83.0024
346	-85.2739	-83.0046
347	-85.2761	-83.0067
348	-85.2783	-83.0088
349	-85.2804	-83.0109
350	-85.2825	-83.013
351	-85.2846	-83.015
352	-85.2867	-83.0171
353	-85.2888	-83.0191
354	-85.2908	-83.021
355	-85.2928	-83.023
356	-85.2948	-83.0249
357	-85.2967	-83.0268
358	-85.2986	-83.0287
359	-85.3006	-83.0305
360	-85.3024	-83.0324
361	-85.3043	-83.0342
362	-85.3061	-83.036
363	-85.3079	-83.0377
364	-85.3097	-83.0395
365	-85.3115	-83.0412
366	-85.3133	-83.0429
367	-85.315	-83.0446
368	-85.3167	-83.0463
369	-85.3184	-83.0479
370	-85.3201	-83.0495
371	-85.3217	-83.0512
372	-85.3233	-83.0527
373	-85.325	-83.0543
374	-85.3265	-83.0559
375	-85.3281	-83.0574
376	-85.3297	-83.0589
377	-85.3312	-83.0604
378	-85.3327	-83.0619
379	-85.3342	-83.0634
380	-85.3357	-83.0648
381	-85.3372	-83.0662
382	-85.3386	-83.0677
383	-85.3401	-83.0691
384	-85.3415	-83.0704
385	-85.3429	-83.0718
386	-85.3443	-83.0732
387	-85.3456	-83.0745
388	-85.347	-83.0758
389	-85.3483	-83.0771
390	-85.3497	-83.0784
391	-85.351	-83.0797
392	-85.3523	-83.0809
393	-85.3535	-83.0822
394	-85.3548	-83.0834
395	-85.356	-83.0846
396	-85.3573	-83.0858
397	-85.3585	-83.087
398	-85.3597	-83.0882
399	-85.3609	-83.0894
400	-85.3621	-83.0905
401	-85.3633	-83.0917
402	-85.3644	-83.0928
403	-85.3656	-83.0939
404	-85.3667	-83.095
405	-85.3678	-83.0961
406	-85.3689	-83.0972
407	-85.37	-83.0982
408	-85.3711	-83.0993
409	-85.3722	-83.1003
410	-85.3732	-83.1014
411	-85.3743	-83.1024
412	-85.3753	-83.1034
413	-85.3763	-83.1044
414	-85.3773	-83.1054
415	-85.3783	-83.1064
416	-85.3793	-83.1073
417	-85.3803	-83.1083
418	-85.3813	-83.1092
419	-85.3822	-83.1102
420	-85.3832	-83.1111
421	-85.3841	-83.112
422	-85.385	-83.1129
423	-85.386	-83.1138
424	-85.3869	-83.1147
425	-85.3878	-83.1155
426	-85.3886	-83.1164
427	-85.3895	-83.1173
428	-85.3904	-83.1181
429	-85.3913	-83.119
430	-85.3921	-83.1198
431	-85.3929	-83.1206
432	-85.3938	-83.1214
433	-85.3946	-83.1222
434	-85.3954	-83.123
435	-85.3962	-83.1238
436	-85.397	-83.1246
437	-85.3978	-83.1253
438	-85.3986	-83.1261
439	-85.3994	-83.1269
440	-85.4001	-83.1276
441	-85.4009	-83.1283
442	-85.4016	-83.1291
443	-85.4024	-83.1298
444	-85.4031	-83.1305
445	-85.4038	-83.1312
446	-85.4046	-83.1319
447	-85.4053	-83.1326
448	-85.406	-83.1333
449	-85.4067	-83.134
450	-85.4074	-83.1346
451	-85.408	-83.1353
452	-85.4087	-83.136
453	-85.4094	-83.1366
454	-85.41	-83.1373
455	-85.4107	-83.1379
456	-85.4113	-83.1385
457	-85.412	-83.1392
458	-85.4126	-83.1398
459	-85.4132	-83.1404
460	-85.4139	-83.141
461	-85.4145	-83.1416
462	-85.4151	-83.1422
463	-85.4157	-83.1428
464	-85.4163	-83.1434
465	-85.4169	-83.1439
466	-85.4175	-83.1445
467	-85.418	-83.1451
468	-85.4186	-83.1456
469	-85.4192	-83.1462
470	-85.4197	-83.1467
471	-85.4203	-83.1473
472	-85.4209	-83.1478
473	-85.4214	-83.1483
474	-85.4219	-83.1488
475	-85.4225	-83.1494
476	-85.423	-83.1499
477	-85.4235	-83.1504
478	-85.424	-83.1509
479	-85.4246	-83.1514
480	-85.4251	-83.1519
481	-85.4256	-83.1524
482	-85.4261	-83.1529
483	-85.4266	-83.1533
484	-85.427	-83.1538
485	-85.4275	-83.1543
486	-85.428	-83.1547
487	-85.4285	-83.1552
488	-85.4289	-83.1557
489	-85.4294	-83.1561
490	-85.4299	-83.1566
491	-85.4303	-83.157
492	-85.4308	-83.1574
493	-85.4312	-83.1579
494	-85.4317	-83.1583
495	-85.4321	-83.1587
496	-85.4325	-83.1592
497	-85.433	-83.1596
498	-85.4334	-83.16
499	-85.4338	-83.1604
500	-85.4342	-83.1608
501	-85.4346	-83.1612
502	-85.435	-83.1616
503	-85.4354	-83.162
504	-85.4358	-83.1624
505	-85.4362	-83.1628
506	-85.4366	-83.1631
507	-85.437	-83.1635
508	-85.4374	-83.1639
509	-85.4378	-83.1643
510	-85.4382	-83.1646
511	-85.4385	-83.165
512	-85.4389	-83.1654
513	-85.4393	-83.1657
514	-85.4396	-83.1661
515	-85.44	-83.1664
516	-85.4404	-83.1668
517	-85.4407	-83.1671
518	-85.4411	-83.1675
519	-85.4414	-83.1678
520	-85.4418	-83.1681
521	-85.4421	-83.1685
522	-85.4424	-83.1688
523	-85.4428	-83.1691
524	-85.4431	-83.1694
525	-85.4434	-83.1697
526	-85.4437	-83.1701
527	-85.4441	-83.1704
528	-85.4444	-83.1707
529	-85.4447	-83.171
530	-85.445	-83.1713
531	-85.4453	-83.1716
532	-85.4456	-83.1719
533	-85.4459	-83.1722
534	-85.4462	-83.1725
535	-85.4465	-83.1728
536	-85.4468	-83.1731
537	-85.4471	-83.1733
538	-85.4474	-83.1736
539	-85.4477	-83.1739
540	-85.448	-83.1742
541	-85.4483	-83.1745
542	-85.4485	-83.1747
543	-85.4488	-83.175
544	-85.4491	-83.1753
545	-85.4494	-83.1755
546	-85.4496	-83.1758
547	-85.4499	-83.176
548	-85.4501	-83.1763
549	-85.4504	-83.1765
550	-85.4507	-83.1768
551	-85.4509	-83.1771
552	-85.4512	-83.1773
553	-85.4514	-83.1775
554	-85.4517	-83.1778
555	-85.4519	-83.178
556	-85.4522	-83.1783
557	-85.4524	-83.1785
558	-85.4527	-83.1787
559	-85.4529	-83.179
560	-85.4531	-83.1792
561	-85.4534	-83.1794
562	-85.4536	-83.1796
563	-85.4538	-83.1799
564	-85.4541	-83.1801
565	-85.4543	-83.1803
566	-85.4545	-83.1805
567	-85.4547	-83.1807
568	-85.4549	-83.181
569	-85.4552	-83.1812
570	-85.4554	-83.1814
571	-85.4556	-83.1816
572	-85.4558	-83.1818
573	-85.456	-83.182
574	-85.4562	-83.1822
575	-85.4564	-83.1824
576	-85.4566	-83.1826
577	-85.4568	-83.1828
578	-85.457	-83.183
579	-85.4572	-83.1832
580	-85.4574	-83.1834
581	-85.4576	-83.1836
582	-85.4578	-83.1837
583	-85.458	-83.1839
584	-85.4582	-83.1841
585	-85.4584	-83.1843
586	-85.4586	-83.1845
587	-85.4588	-83.1847
588	-85.4589	-83.1848
589	-85.4591	-83.185
590	-85.4593	-83.1852
591	-85.4595	-83.1854
592	-85.4597	-83.1855
593	-85.4598	-83.1857
594	-85.46	-83.1859
595	-85.4602	-83.186
596	-85.4603	-83.1862
597	-85.4605	-83.1864
598	-85.4607	-83.1865
599	-85.4608	-83.1867
600	-85.461	-83.1869
601	-85.4612	-83.187
602	-85.4613	-83.1872
603	-85.4615	-83.1873
604	-85.4617	-83.1875
605	-85.4618	-83.1876
606	-85.462	-83.1878
607	-85.4621	-83.1879
608	-85.4623	-83.1881
609	-85.4624	-83.1882
610	-85.4626	-83.1884
611	-85.4627	-83.1885
612	-85.4629	-83.1887
613	-85.463	-83.1888
614	-85.4632	-83.189
615	-85.4633	-83.1891
616	-85.4635	-83.1892
617	-85.4636	-83.1894
618	-85.4637	-83.1895
619	-85.4639	-83.1896
620	-85.464	-83.1898
621	-85.4642	-83.1899
622	-85.4643	-83.19
623	-85.4644	-83.1902
624	-85.4646	-83.1903
625	-85.4647	-83.1904
626	-85.4648	-83.1906
627	-85.465	-83.1907
628	-85.4651	-83.1908
629	-85.4652	-83.1909
630	-85.4654	-83.1911
631	-85.4655	-83.1912
632	-85.4656	-83.1913
633	-85.4657	-83.1914
634	-85.4658	-83.1916
635	-85.466	-83.1917
636	-85.4661	-83.1918
637	-85.4662	-83.1919
638	-85.4663	-83.192
639	-85.4665	-83.1921
640	-85.4666	-83.1923
641	-85.4667	-83.1924
642	-85.4668	-83.1925
643	-85.4669	-83.1926
644	-85.467	-83.1927
645	-85.4671	-83.1928
646	-85.4673	-83.1929
647	-85.4674	-83.193
648	-85.4675	-83.1931
649	-85.4676	-83.1932
650	-85.4677	-83.1933
651	-85.4678	-83.1934
652	-85.4679	-83.1935
653	-85.468	-83.1936
654	-85.4681	-83.1938
655	-85.4682	-83.1939
656	-85.4683	-83.194
657	-85.4684	-83.1941
658	-85.4685	-83.1941
659	-85.4686	-83.1942
660	-85.4687	-83.1943
661	-85.4688	-83.1944
662	-85.4689	-83.1945
663	-85.469	-83.1946
664	-85.4691	-83.1947
665	-85.4692	-83.1948
666	-85.4693	-83.1949
667	-85.4694	-83.195
668	-85.4695	-83.1951
669	-85.4696	-83.1952
670	-85.4697	-83.1953
671	-85.4698	-83.1954
672	-85.4699	-83.1954
673	-85.4699	-83.1955
674	-85.47	-83.1956
675	-85.4701	-83.1957
676	-85.4702	-83.1958
677	-85.4703	-83.1959
678	-85.4704	-83.196
679	-85.4705	-83.196
680	-85.4706	-83.1961
681	-85.4706	-83.1962
682	-85.4707	-83.1963
683	-85.4708	-83.1964
684	-85.4709	-83.1964
685	-85.471	-83.1965
686	-85.4711	-83.1966
687	-85.4711	-83.1967
688	-85.4712	-83.1968
689	-85.4713	-83.1968
690	-85.4714	-83.1969
691	-85.4714	-83.197
692	-85.4715	-83.1971
693	-85.4716	-83.1971
694	-85.4717	-83.1972
695	-85.4718	-83.1973
696	-85.4718	-83.1974
697	-85.4719	-83.1974
698	-85.472	-83.1975
699	-85.4721	-83.1976
700	-85.4721	-83.1976
701	-85.4722	-83.1977
702	-85.4723	-83.1978
703	-85.4723	-83.1979
704	-85.4724	-83.1979
705	-85.4725	-83.198
706	-85.4726	-83.1981
707	-85.4726	-83.1981
708	-85.4727	-83.1982
709	-85.4728	-83.1983
710	-85.4728	-83.1983
711	-85.4729	-83.1984
712	-85.473	-83.1985
713	-85.473	-83.1985
714	-85.4731	-83.1986
715	-85.4732	-83.1986
716	-85.4732	-83.1987
717	-85.4733	-83.1988
718	-85.4734	-83.1988
719	-85.4734	-83.1989
720	-85.4735	-83.199
721	-85.4735	-83.199
722	-85.4736	-83.1991
723	-85.4737	-83.1991
724	-85.4737	-83.1992
725	-85.4738	-83.1993
726	-85.4738	-83.1993
727	-85.4739	-83.1994
728	-85.474	-83.1994
729	-85.474	-83.1995
730	-85.4741	-83.1995
731	-85.4741	-83.1996
732	-85.4742	-83.1997
733	-85.4743	-83.1997
734	-85.4743	-83.1998
735	-85.4744	-83.1998
736	-85.4744	-83.1999
737	-85.4745	-83.1999
738	-85.4745	-83.2
739	-85.4746	-83.2
740	-85.4747	-83.2001
741	-85.4747	-83.2001
742	-85.4748	-83.2002
743	-85.4748	-83.2003
744	-85.4749	-83.2003
745	-85.4749	-83.2004
746	-85.475	-83.2004
747	-85.475	-83.2005
748	-85.4751	-83.2005
749	-85.4751	-83.2006
750	-85.4752	-83.2006
751	-85.4752	-83.2007
752	-85.4753	-83.2007
753	-85.4753	-83.2008
754	-85.4754	-83.2008
755	-85.4754	-83.2009
756	-85.4755	-83.2009
757	-85.4755	-83.2009
758	-85.4756	-83.201
759	-85.4756	-83.201
760	-85.4757	-83.2011
761	-85.4757	-83.2011
762	-85.4758	-83.2012
763	-85.4758	-83.2012
764	-85.4759	-83.2013
765	-85.4759	-83.2013
766	-85.476	-83.2014
767	-85.476	-83.2014
768	-85.4761	-83.2015
769	-85.4761	-83.2015
770	-85.4761	-83.2015
771	-85.4762	-83.2016
772	-85.4762	-83.2016
773	-85.4763	-83.2017
774	-85.4763	-83.2017
775	-85.4764	-83.2018
776	-85.4764	-83.2018
777	-85.4764	-83.2018
778	-85.4765	-83.2019
779	-85.4765	-83.2019
780	-85.4766	-83.202
781	-85.4766	-83.202
782	-85.4767	-83.202
783	-85.4767	-83.2021
784	-85.4767	-83.2021
785	-85.4768	-83.2022
786	-85.4768	-83.2022
787	-85.4769	-83.2022
788	-85.4769	-83.2023
789	-85.4769	-83.2023
790	-85.477	-83.2024
791	-85.477	-83.2024
792	-85.4771	-83.2024
793	-85.4771	-83.2025
794	-85.4771	-83.2025
795	-85.4772	-83.2026
796	-85.4772	-83.2026
797	-85.4773	-83.2026
798	-85.4773	-83.2027
799	-85.4773	-83.2027
800	-85.4774	-83.2027
801	-85.4774	-83.2028
802	-85.4775	-83.2028
803	-85.4775	-83.2028
804	-85.4775	-83.2029
805	-85.4776	-83.2029
806	-85.4776	-83.203
807	-85.4776	-83.203
808	-85.4777	-83.203
809	-85.4777	-83.2031
810	-85.4777	-83.2031
811	-85.4778	-83.2031
812	-85.4778	-83.2032
813	-85.4778	-83.2032
814	-85.4779	-83.2032
815	-85.4779	-83.2033
816	-85.478	-83.2033
817	-85.478	-83.2033
818	-85.478	-83.2034
819	-85.4781	-83.2034
820	-85.4781	-83.2034
821	-85.4781	-83.2035
822	-85.4782	-83.2035
823	-85.4782	-83.2035
824	-85.4782	-83.2036
825	-85.4783	-83.2036
826	-85.4783	-83.2036
827	-85.4783	-83.2037
828	-85.4784	-83.2037
829	-85.4784	-83.2037
830	-85.4784	-83.2037
831	-85.4785	-83.2038
832	-85.4785	-83.2038
833	-85.4785	-83.2038
834	-85.4785	-83.2039
835	-85.4786	-83.2039
836	-85.4786	-83.2039
837	-85.4786	-83.204
838	-85.4787	-83.204
839	-85.4787	-83.204
840	-85.4787	-83.204
841	-85.4788	-83.2041
842	-85.4788	-83.2041
843	-85.4788	-83.2041
844	-85.4789	-83.2042
845	-85.4789	-83.2042
846	-85.4789	-83.2042
847	-85.4789	-83.2043
848	-85.479	-83.2043
849	-85.479	-83.2043
850	-85.479	-83.2043
851	-85.4791	-83.2044
852	-85.4791	-83.2044
853	-85.4791	-83.2044
854	-85.4791	-83.2045
855	-85.4792	-83.2045
856	-85.4792	-83.2045
857	-85.4792	-83.2045
858	-85.4793	-83.2046
859	-85.4793	-83.2046
860	-85.4793	-83.2046
861	-85.4793	-83.2046
862	-85.4794	-83.2047
863	-85.4794	-83.2047
864	-85.4794	-83.2047
865	-85.4795	-83.2047
866	-85.4795	-83.2048
867	-85.4795	-83.2048
868	-85.4795	-83.2048
869	-85.4796	-83.2049
870	-85.4796	-83.2049
871	-85.4796	-83.2049
872	-85.4796	-83.2049
873	-85.4797	-83.205
874	-85.4797	-83.205
875	-85.4797	-83.205
876	-85.4798	-83.205
877	-85.4798	-83.2051
878	-85.4798	-83.2051
879	-85.4798	-83.2051
880	-85.4799	-83.2051
881	-85.4799	-83.2052
882	-85.4799	-83.2052
883	-85.4799	-83.2052
884	-85.48	-83.2052
885	-85.48	-83.2053
886	-85.48	-83.2053
887	-85.48	-83.2053
888	-85.4801	-83.2053
889	-85.4801	-83.2054
890	-85.4801	-83.2054
891	-85.4801	-83.2054
892	-85.4802	-83.2054
893	-85.4802	-83.2054
894	-85.4802	-83.2055
895	-85.4802	-83.2055
896	-85.4803	-83.2055
897	-85.4803	-83.2055
898	-85.4803	-83.2056
899	-85.4803	-83.2056
900	-85.4804	-83.2056
901	-85.4804	-83.2056
902	-85.4804	-83.2057
903	-85.4804	-83.2057
904	-85.4804	-83.2057
905	-85.4805	-83.2057
906	-85.4805	-83.2057
907	-85.4805	-83.2058
908	-85.4805	-83.2058
909	-85.4806	-83.2058
910	-85.4806	-83.2058
911	-85.4806	-83.2059
912	-85.4806	-83.2059
913	-85.4807	-83.2059
914	-85.4807	-83.2059
915	-85.4807	-83.2059
916	-85.4807	-83.206
917	-85.4807	-83.206
918	-85.4808	-83.206
919	-85.4808	-83.206
920	-85.4808	-83.2061
921	-85.4808	-83.2061
922	-85.4809	-83.2061
923	-85.4809	-83.2061
924	-85.4809	-83.2061
925	-85.4809	-83.2062
926	-85.4809	-83.2062
927	-85.481	-83.2062
928	-85.481	-83.2062
929	-85.481	-83.2062
930	-85.481	-83.2063
931	-85.4811	-83.2063
932	-85.4811	-83.2063
933	-85.4811	-83.2063
934	-85.4811	-83.2064
935	-85.4811	-83.2064
936	-85.4812	-83.2064
937	-85.4812	-83.2064
938	-85.4812	-83.2064
939	-85.4812	-83.2065
940	-85.4812	-83.2065
941	-85.4813	-83.2065
942	-85.4813	-83.2065
943	-85.4813	-83.2065
944	-85.4813	-83.2066
945	-85.4813	-83.2066
946	-85.4814	-83.2066
947	-85.4814	-83.2066
948	-85.4814	-83.2066
949	-85.4814	-83.2067
950	-85.4815	-83.2067
951	-85.4815	-83.2067
952	-85.4815	-83.2067
953	-85.4815	-83.2067
954	-85.4815	-83.2068
955	-85.4816	-83.2068
956	-85.4816	-83.2068
957	-85.4816	-83.2068
958	-85.4816	-83.2068
959	-85.4816	-83.2069
960	-85.4817	-83.2069
961	-85.4817	-83.2069
962	-85.4817	-83.2069
963	-85.4817	-83.2069
964	-85.4817	-83.2069
965	-85.4818	-83.207
966	-85.4818	-83.207
967	-85.4818	-83.207
968	-85.4818	-83.207
969	-85.4818	-83.207
970	-85.4819	-83.2071
971	-85.4819	-83.2071
972	-85.4819	-83.2071
973	-85.4819	-83.2071
974	-85.4819	-83.2071
975	-85.4819	-83.2072
976	-85.482	-83.2072
977	-85.482	-83.2072
978	-85.482	-83.2072
979	-85.482	-83.2072
980	-85.482	-83.2072
981	-85.4821	-83.2073
982	-85.4821	-83.2073
983	-85.4821	-83.2073
984	-85.4821	-83.2073
985	-85.4821	-83.2073
986	-85.4822	-83.2074
987	-85.4822	-83.2074
988	-85.4822	-83.2074
989	-85.4822	-83.2074
990	-85.4822	-83.2074
991	-85.4823	-83.2074
992	-85.4823	-83.2075
993	-85.4823	-83.2075
994	-85.4823	-83.2075
995	-85.4823	-83.2075
996	-85.4823	-83.2075
997	-85.4824	-83.2076
998	-85.4824	-83.2076
999	-85.4824	-83.2076
1000	-85.4824	-83.2076
1001	-85.4824	-83.2076
1002	-85.4825	-83.2076
1003	-85.4825	-83.2077
1004	-85.4825	-83.2077
1005	-85.4825	-83.2077
1006	-85.4825	-83.2077
1007	-85.4825	-83.2077
1008	-85.4826	-83.2077
1009	-85.4826	-83.2078
1010	-85.4826	-83.2078
1011	-85.4826	-83.2078
1012	-85.4826	-83.2078
1013	-85.4827	-83.2078
1014	-85.4827	-83.2078
1015	-85.4827	-83.2079
1016	-85.4827	-83.2079
1017	-85.4827	-83.2079
1018	-85.4827	-83.2079
1019	-85.4828	-83.2079
1020	-85.4828	-83.208
1021	17.3297	-70.5247
1022	24.9848	-32.1916
1023	15.2935	-12.3372
1024	10.1303	-2.91729
1025	7.65748	1.37767
1026	6.64234	3.23191
1027	6.44253	3.97819
1028	6.7111	4.2709
1029	7.24331	4.41745
1030	7.90824	4.54643
1031	8.61886	4.6964
1032	9.31796	4.86404
1033	9.97053	5.0303
1034	10.5582	5.17427
1035	11.0746	5.27951
1036	11.5212	5.33625
1037	11.9033	5.34093
1038	12.2284	5.29477
1039	12.5046	5.2023
1040	12.7395	5.0698
1041	12.9396	4.90415
1042	13.1101	4.71198
1043	13.2553	4.49915
1044	13.3783	4.27059
1045	13.4813	4.0302
1046	13.5661	3.78101
1047	13.634	3.52524
1048	13.6859	3.2645
1049	13.7225	2.99992
1050	13.7444	2.73224
1051	13.7521	2.46198
1052	13.746	2.18947
1053	13.7265	1.9149
1054	13.6941	1.63843
1055	13.6491	1.36015
1056	13.592	1.08013
1057	13.523	0.798472
1058	13.4427	0.515239
1059	13.3516	0.230525
1060	13.2499	-0.0555672
1061	13.1382	-0.342927
1062	13.0169	-0.631432
1063	12.8865	-0.920954
1064	12.7473	-1.21136
1065	12.5998	-1.5025
1066	12.4444	-1.79425
1067	12.2816	-2.08647
1068	12.1116	-2.37901
1069	11.9349	-2.67176
1070	11.7518	-2.96459
1071	11.5627	-3.25738
1072	11.3678	-3.55003
1073	11.1675	-3.84244
1074	10.9621	-4.13453
1075	10.7518	-4.42621
1076	10.5368	-4.71742
1077	10.3174	-5.0081
1078	10.0937	-5.2982
1079	9.86602	-5.5877
1080	9.63445	-5.87656
1081	9.39916	-6.16475
1082	9.16027	-6.45229
1083	8.91793	-6.73915
1084	8.67222	-7.02535
1085	8.42325	-7.3109
1086	8.17111	-7.59581
1087	7.91586	-7.88013
1088	7.65755	-8.16388
1089	7.39625	-8.44709
1090	7.13198	-8.72981
1091	6.86477	-9.01209
1092	6.59465	-9.29398
1093	6.32162	-9.57553
1094	6.04569	-9.85682
1095	5.76684	-10.1379
1096	5.48506	-10.4188
1097	5.20031	-10.6997
1098	4.91258	-10.9806
1099	4.62181	-11.2616
1100	4.32795	-11.5428
1101	4.03094	-11.8242
1102	3.73071	-12.1061
1103	3.42717	-12.3884
1104	3.12023	-12.6713
1105	2.80978	-12.9549
1106	2.49571	-13.2393
1107	2.17788	-13.5246
1108	1.85614	-13.8111
1109	1.53034	-14.0988
1110	1.20029	-14.3879
1111	0.865807	-14.6785
1112	0.526664	-14.9709
1113	0.182628	-15.2653
1114	-0.166558	-15.5618
1115	-0.521175	-15.8606
1116	-0.88153	-16.162
1117	-1.24796	-16.4663
1118	-1.62082	-16.7738
1119	-2.00051	-17.0847
1120	-2.38745	-17.3993
1121	-2.7821	-17.718
1122	-3.18496	-18.0412
1123	-3.59657	-18.3692
1124	-4.01749	-18.7025
1125	-4.44836	-19.0415
1126	-4.88982	-19.3866
1127	-5.3426	-19.7386
1128	-5.80745	-20.0977
1129	-6.28518	-20.4647
1130	-6.77665	-20.8402
1131	-7.28277	-21.2249
1132	-7.8045	-21.6193
1133	-8.34284	-22.0243
1134	-8.89888	-22.4407
1135	-9.47369	-22.8692
1136	-10.0684	-23.3107
1137	-10.6843	-23.7662
1138	-11.3224	-24.2364
1139	-11.9841	-24.7223
1140	-12.6705	-25.2249
1141	-13.3827	-25.7451
1142	-14.1221	-26.2839
1143	-14.8896	-26.8421
1144	-15.6862	-27.4207
1145	-16.5129	-28.0204
1146	-17.3703	-28.6421
1147	-18.2592	-29.2862
1148	-19.1798	-29.9535
1149	-20.1325	-30.6443
1150	-21.1173	-31.3588
1151	-22.1339	-32.0973
1152	-23.182	-32.8596
1153	-24.261	-33.6456
1154	-25.3704	-34.455
1155	-26.5092	-35.2874
1156	-27.6768	-36.1422
1157	-28.8723	-37.019
1158	-30.095	-37.9172
1159	-31.3445	-38.8363
1160	-32.6206	-39.776
1161	-33.9231	-40.7359
1162	-35.2526	-41.7162
1163	-36.6099	-42.717
1164	-37.9937	-43.7387
1165	-39.402	-44.7803
1166	-40.8406	-45.8425
1167	-42.3142	-46.9277
1168	-43.8269	-48.0388
1169	-45.3828	-49.1791
1170	-46.9857	-50.352
1171	-48.6396	-51.5608
1172	-50.3479	-52.809
1173	-52.113	-54.0998
1174	-53.9356	-55.436
1175	-55.8133	-56.8189
1176	-57.7399	-58.2482
1177	-59.704	-59.7209
1178	-61.6881	-61.2304
1179	-63.669	-62.7659
1180	-65.6189	-64.3125
1181	-67.5085	-65.8515
1182	-69.3094	-67.3622
1183	-70.9983	-68.8237
1184	-72.558	-70.2167
1185	-73.979	-71.5256
1186	-75.259	-72.7393
1187	-76.401	-73.8514
1188	-77.4126	-74.8601
1189	-78.3037	-75.7669
1190	-79.0859	-76.5766
1191	-79.7707	-77.2954
1192	-80.3694	-77.9309
1193	-80.8924	-78.4908
1194	-81.3493	-78.9832
1195	-81.7485	-79.4153
1196	-82.0973	-79.7942
1197	-82.4022	-80.1261
1198	-82.6689	-80.4167
1199	-82.9022	-80.6711
1200	-83.1064	-80.8936
1201	-83.2853	-81.0882
1202	-83.442	-81.2583
1203	-83.5795	-81.4071
1204	-83.7001	-81.5371
1205	-83.8062	-81.6507
1206	-83.8996	-81.7501
1207	-83.9819	-81.837
1208	-84.0546	-81.9131
1209	-84.119	-81.9797
1210	-84.1762	-82.0381
1211	-84.2271	-82.0894
1212	-84.2726	-82.1345
1213	-84.3133	-82.1742
1214	-84.35	-82.2094
1215	-84.3831	-82.2405
1216	-84.4131	-82.2682
1217	-84.4405	-82.2929
1218	-84.4656	-82.3151
1219	-84.4887	-82.3351
1220	-84.51	-82.3531
1221	-84.5298	-82.3696
1222	-84.5482	-82.3847
1223	-84.5655	-82.3985
1224	-84.5818	-82.4114
1225	-84.5973	-82.4234
1226	-84.6119	-82.4346
1227	-84.6258	-82.4452
1228	-84.6392	-82.4552
1229	-84.652	-82.4648
1230	-84.6643	-82.4739
1231	-84.6762	-82.4828
1232	-84.6877	-82.4913
1233	-84.6989	-82.4995
1234	-84.7097	-82.5076
1235	-84.7203	-82.5154
1236	-84.7306	-82.5231
1237	-84.7407	-82.5307
1238	-84.7506	-82.5381
1239	-84.7603	-82.5454
1240	-84.7697	-82.5527
1241	-84.779	-82.5598
1242	-84.7882	-82.5668
1243	-84.7972	-82.5738
1244	-84.806	-82.5807
1245	-84.8147	-82.5876
1246	-84.8232	-82.5944
1247	-84.8317	-82.6011
1248	-84.84	-82.6078
1249	-84.8481	-82.6144
1250	-84.8562	-82.621
1251	-84.8641	-82.6275
1252	-84.872	-82.634
1253	-84.8797	-82.6404
1254	-84.8873	-82.6467
1255	-84.8948	-82.6531
1256	-84.9022	-82.6593
1257	-84.9095	-82.6655
1258	-84.9167	-82.6717
1259	-84.9238	-82.6778
1260	-84.9308	-82.6838
1261	-84.9377	-82.6898
1262	-84.9445	-82.6958
1263	-84.9513	-82.7017
1264	-84.9579	-82.7075
1265	-84.9644	-82.7133
1266	-84.9709	-82.719
1267	-84.9773	-82.7247
1268	-84.9835	-82.7303
1269	-84.9897	-82.7358
1270	-84.9958	-82.7413
1271	-85.0019	-82.7468
1272	-85.0078	-82.7521
1273	-85.0137	-82.7575
1274	-85.0195	-82.7627
1275	-85.0252	-82.7679
1276	-85.0308	-82.7731
1277	-85.0363	-82.7782
1278	-85.0418	-82.7832
1279	-85.0472	-82.7882
1280	-85.0525	-82.7931
1281	-85.0578	-82.798
1282	-85.063	-82.8028
1283	-85.0681	-82.8075
1284	-85.0731	-82.8122
1285	-85.0781	-82.8169
1286	-85.083	-82.8215
1287	-85.0878	-82.826
1288	-85.0926	-82.8305
1289	-85.0973	-82.8349
1290	-85.102	-82.8393
1291	-85.1065	-82.8436
1292	-85.1111	-82.8478
1293	-85.1155	-82.852
1294	-85.1199	-82.8562
1295	-85.1242	-82.8603
1296	-85.1285	-82.8644
1297	-85.1327	-82.8684
1298	-85.1369	-82.8723
1299	-85.141	-82.8762
1300	-85.1451	-82.8801
1301	-85.1491	-82.8839
1302	-85.153	-82.8877
1303	-85.1569	-82.8914
1304	-85.1607	-82.8951
1305	-85.1645	-82.8987
1306	-85.1682	-82.9023
1307	-85.1719	-82.9058
1308	-85.1756	-82.9093
1309	-85.1792	-82.9127
1310	-85.1827	-82.9161
1311	-85.1862	-82.9195
1312	-85.1896	-82.9228
1313	-85.193	-82.9261
1314	-85.1964	-82.9293
1315	-85.1997	-82.9325
1316	-85.203	-82.9357
1317	-85.2062	-82.9388
1318	-85.2094	-82.9418
1319	-85.2125	-82.9449
1320	-85.2156	-82.9479
1321	-85.2187	-82.9508
1322	-85.2217	-82.9537
1323	-85.2247	-82.9566
1324	-85.2276	-82.9595
1325	-85.2305	-82.9623
1326	-85.2334	-82.9651
1327	-85.2362	-82.9678
1328	-85.239	-82.9705
1329	-85.2418	-82.9732
1330	-85.2445	-82.9758
1331	-85.2472	-82.9784
1332	-85.2498	-82.981
1333	-85.2525	-82.9836
1334	-85.2551	-82.9861
1335	-85.2576	-82.9886
1336	-85.2601	-82.991
1337	-85.2626	-82.9934
1338	-85.2651	-82.9958
1339	-85.2675	-82.9982
1340	-85.2699	-83.0005
1341	-85.2723	-83.0028
1342	-85.2746	-83.0051
1343	-85.2769	-83.0073
1344	-85.2792	-83.0095
1345	-85.2815	-83.0117
1346	-85.2837	-83.0139
1347	-85.2859	-83.016
1348	-85.288	-83.0181
1349	-85.2902	-83.0202
1350	-85.2923	-83.0223
1351	-85.2944	-83.0243
1352	-85.2965	-83.0263
1353	-85.2985	-83.0283
1354	-85.3005	-83.0303
1355	-85.3025	-83.0322
1356	-85.3045	-83.0341
1357	-85.3064	-83.036
1358	-85.3083	-83.0379
1359	-85.3102	-83.0398
1360	-85.3121	-83.0416
1361	-85.314	-83.0434
1362	-85.3158	-83.0452
1363	-85.3176	-83.0469
1364	-85.3194	-83.0487
1365	-85.3212	-83.0504
1366	-85.3229	-83.0521
1367	-85.3246	-83.0538
1368	-85.3263	-83.0554
1369	-85.328	-83.0571
1370	-85.3297	-83.0587
1371	-85.3313	-83.0603
1372	-85.3329	-83.0619
1373	-85.3345	-83.0634
1374	-85.3361	-83.065
1375	-85.3377	-83.0665
1376	-85.3392	-83.068
1377	-85.3408	-83.0695
1378	-85.3423	-83.071
1379	-85.3438	-83.0725
1380	-85.3453	-83.0739
1381	-85.3467	-83.0753
1382	-85.3482	-83.0767
1383	-85.3496	-83.0781
1384	-85.351	-83.0795
1385	-85.3524	-83.0809
1386	-85.3538	-83.0822
1387	-85.3552	-83.0836
1388	-85.3565	-83.0849
1389	-85.3579	-83.0862
1390	-85.3592	-83.0875
1391	-85.3605	-83.0887
1392	-85.3618	-83.09
1393	-85.363	-83.0912
1394	-85.3643	-83.0925
1395	-85.3655	-83.0937
1396	-85.3668	-83.0949
1397	-85.368	-83.0961
1398	-85.3692	-83.0972
1399	-85.3704	-83.0984
1400	-85.3716	-83.0996
1401	-85.3727	-83.1007
1402	-85.3739	-83.1018
1403	-85.375	-83.1029
1404	-85.3762	-83.104
1405	-85.3773	-83.1051
1406	-85.3784	-83.1062
1407	-85.3795	-83.1073
1408	-85.3805	-83.1083
1409	-85.3816	-83.1093
1410	-85.3827	-83.1104
1411	-85.3837	-83.1114
1412	-85.3847	-83.1124
1413	-85.3858	-83.1134
1414	-85.3868	-83.1144
1415	-85.3878	-83.1154
1416	-85.3888	-83.1163
1417	-85.3897	-83.1173
1418	-85.3907	-83.1182
1419	-85.3917	-83.1191
1420	-85.3926	-83.1201
1421	-85.3935	-83.121
1422	-85.3945	-83.1219
1423	-85.3954	-83.1228
1424	-85.3963	-83.1237
1425	-85.3972	-83.1245
1426	-85.3981	-83.1254
1427	-85.399	-83.1262
1428	-85.3998	-83.1271
1429	-85.4007	-83.1279
1430	-85.4015	-83.1288
1431	-85.4024	-83.1296
1432	-85.4032	-83.1304
1433	-85.404	-83.1312
1434	-85.4048	-83.132
1435	-85.4057	-83.1328
1436	-85.4064	-83.1336
1437	-85.4072	-83.1343
1438	-85.408	-83.1351
1439	-85.4088	-83.1358
1440	-85.4096	-83.1366
1441	-85.4103	-83.1373
1442	-85.4111	-83.138
1443	-85.4118	-83.1388
1444	-85.4125	-83.1395
1445	-85.4133	-83.1402
1446	-85.414	-83.1409
1447	-85.4147	-83.1416
1448	-85.4154	-83.1423
1449	-85.4161	-83.1429
1450	-85.4168	-83.1436
1451	-85.4175	-83.1443
1452	-85.4181	-83.1449
1453	-85.4188	-83.1456
1454	-85.4195	-83.1462
1455	-85.4201	-83.1469
1456	-85.4208	-83.1475
1457	-85.4214	-83.1481
1458	-85.422	-83.1487
1459	-85.4227	-83.1494
1460	-85.4233	-83.15
1461	-85.4239	-83.1506
1462	-85.4245	-83.1512
1463	-85.4251	-83.1517
1464	-85.4257	-83.1523
1465	-85.4263	-83.1529
1466	-85.4269	-83.1535
1467	-85.4275	-83.154
1468	-85.4281	-83.1546
1469	-85.4286	-83.1551
1470	-85.4292	-83.1557
1471	-85.4297	-83.1562
1472	-85.4303	-83.1568
1473	-85.4308	-83.1573
1474	-85.4314	-83.1578
1475	-85.4319	-83.1583
1476	-85.4324	-83.1589
1477	-85.433	-83.1594
1478	-85.4335	-83.1599
1479	-85.434	-83.1604
1480	-85.4345	-83.1609
1481	-85.435	-83.1614
1482	-85.4355	-83.1618
1483	-85.436	-83.1623
1484	-85.4365	-83.1628
1485	-85.437	-83.1633
1486	-85.4374	-83.1637
1487	-85.4379	-83.1642
1488	-85.4384	-83.1647
1489	-85.4389	-83.1651
1490	-85.4393	-83.1656
1491	-85.4398	-83.166
1492	-85.4402	-83.1664
1493	-85.4407	-83.1669
1494	-85.4411	-83.1673
1495	-85.4416	-83.1677
1496	-85.442	-83.1682
1497	-85.4424	-83.1686
1498	-85.4428	-83.169
1499	-85.4433	-83.1694
1500	-85.4437	-83.1698
1501	-85.4441	-83.1702
1502	-85.4445	-83.1706
1503	-85.4449	-83.171
1504	-85.4453	-83.1714
1505	-85.4457	-83.1718
1506	-85.4461	-83.1722
1507	-85.4465	-83.1725
1508	-85.4469	-83.1729
1509	-85.4473	-83.1733
1510	-85.4476	-83.1737
1511	-85.448	-83.174
1512	-85.4484	-83.1744
1513	-85.4488	-83.1747
1514	-85.4491	-83.1751
1515	-85.4495	-83.1754
1516	-85.4498	-83.1758
1517	-85.4502	-83.1761
1518	-85.4505	-83.1765
1519	-85.4509	-83.1768
1520	-85.4512	-83.1772
1521	-85.4516	-83.1775
1522	-85.4519	-83.1778
1523	-85.4523	-83.1781
1524	-85.4526	-83.1785
1525	-85.4529	-83.1788
1526	-85.4532	-83.1791
1527	-85.4536	-83.1794
1528	-85.4539	-83.1797
1529	-85.4542	-83.18
1530	-85.4545	-83.1803
1531	-85.4548	-83.1806
1532	-85.4551	-83.1809
1533	-85.4554	-83.1812
1534	-85.4557	-83.1815
1535	-85.456	-83.1818
1536	-85.4563	-83.1821
1537	-85.4566	-83.1824
1538	-85.4569	-83.1827
1539	-85.4572	-83.183
1540	-85.4575	-83.1832
1541	-85.4578	-83.1835
1542	-85.458	-83.1838
1543	-85.4583	-83.184
1544	-85.4586	-83.1843
1545	-85.4589	-83.1846
1546	-85.4591	-83.1848
1547	-85.4594	-83.1851
1548	-85.4597	-83.1854
1549	-85.4599	-83.1856
1550	-85.4602	-83.1859
1551	-85.4605	-83.1861
1552	-85.4607	-83.1864
1553	-85.461	-83.1866
1554	-85.4612	-83.1869
1555	-85.4615	-83.1871
1556	-85.4617	-83.1873
1557	-85.4619	-83.1876
1558	-85.4622	-83.1878
1559	-85.4624	-83.188
1560	-85.4627	-83.1883
1561	-85.4629	-83.1885
1562	-85.4631	-83.1887
1563	-85.4634	-83.1889
1564	-85.4636	-83.1892
1565	-85.4638	-83.1894
1566	-85.464	-83.1896
1567	-85.4643	-83.1898
1568	-85.4645	-83.19
1569	-85.4647	-83.1903
1570	-85.4649	-83.1905
1571	-85.4651	-83.1907
1572	-85.4653	-83.1909
1573	-85.4656	-83.1911
1574	-85.4658	-83.1913
1575	-85.466	-83.1915
1576	-85.4662	-83.1917
1577	-85.4664	-83.1919
1578	-85.4666	-83.1921
1579	-85.4668	-83.1923
1580	-85.467	-83.1925
1581	-85.4672	-83.1927
1582	-85.4674	-83.1928
1583	-85.4676	-83.193
1584	-85.4678	-83.1932
1585	-85.4679	-83.1934
1586	-85.4681	-83.1936
1587	-85.4683	-83.1938
1588	-85.4685	-83.1939
1589	-85.4687	-83.1941
1590	-85.4689	-83.1943
1591	-85.469	-83.1945
1592	-85.4692	-83.1946
1593	-85.4694	-83.1948
1594	-85.4696	-83.195
1595	-85.4698	-83.1952
1596	-85.4699	-83.1953
1597	-85.4701	-83.1955
1598	-85.4703	-83.1957
1599	-85.4704	-83.1958
1600	-85.4706	-83.196
1601	-85.4708	-83.1961
1602	-85.4709	-83.1963
1603	-85.4711	-83.1965
1604	-85.4712	-83.1966
1605	-85.4714	-83.1968
1606	-85.4716	-83.1969
1607	-85.4717	-83.1971
1608	-85.4719	-83.1972
1609	-85.472	-83.1974
1610	-85.4722	-83.1975
1611	-85.4723	-83.1977
1612	-85.4725	-83.1978
1613	-85.4726	-83.1979
1614	-85.4728	-83.1981
1615	-85.4729	-83.1982
1616	-85.4731	-83.1984
1617	-85.4732	-83.1985
1618	-85.4733	-83.1987
1619	-85.4735	-83.1988
1620	-85.4736	-83.1989
1621	-85.4738	-83.1991
1622	-85.4739	-83.1992
1623	-85.474	-83.1993
1624	-85.4742	-83.1995
1625	-85.4743	-83.1996
1626	-85.4744	-83.1997
1627	-85.4746	-83.1998
1628	-85.4747	-83.2
1629	-85.4748	-83.2001
1630	-85.475	-83.2002
1631	-85.4751	-83.2003
1632	-85.4752	-83.2005
1633	-85.4753	-83.2006
1634	-85.4755	-83.2007
1635	-85.4756	-83.2008
1636	-85.4757	-83.2009
1637	-85.4758	-83.2011
1638	-85.4759	-83.2012
1639	-85.4761	-83.2013
1640	-85.4762	-83.2014
1641	-85.4763	-83.2015
1642	-85.4764	-83.2016
1643	-85.4765	-83.2017
1644	-85.4766	-83.2019
1645	-85.4768	-83.202
1646	-85.4769	-83.2021
1647	-85.477	-83.2022
1648	-85.4771	-83.2023
1649	-85.4772	-83.2024
1650	-85.4773	-83.2025
1651	-85.4774	-83.2026
1652	-85.4775	-83.2027
1653	-85.4776	-83.2028
1654	-85.4777	-83.2029
1655	-85.4778	-83.203
1656	-85.4779	-83.2031
1657	-85.478	-83.2032
1658	-85.4782	-83.2033
1659	-85.4783	-83.2034
1660	-85.4784	-83.2035
1661	-85.4785	-83.2036
1662	-85.4785	-83.2037
1663	-85.4786	-83.2038
1664	-85.4787	-83.2039
1665	-85.4788	-83.204
1666	-85.4789	-83.2041
1667	-85.479	-83.2042
1668	-85.4791	-83.2043
1669	-85.4792	-83.2044
1670	-85.4793	-83.2044
1671	-85.4794	-83.2045
1672	-85.4795	-83.2046
1673	-85.4796	-83.2047
1674	-85.4797	-83.2048
1675	-85.4798	-83.2049
1676	-85.4798	-83.205
1677	-85.4799	-83.205
1678	-85.48	-83.2051
1679	-85.4801	-83.2052
1680	-85.4802	-83.2053
1681	-85.4803	-83.2054
1682	-85.4804	-83.2055
1683	-85.4804	-83.2055
1684	-85.4805	-83.2056
1685	-85.4806	-83.2057
1686	-85.4807	-83.2058
1687	-85.4808	-83.2059
1688	-85.4809	-83.2059
1689	-85.4809	-83.206
1690	-85.481	-83.2061
1691	-85.4811	-83.2062
1692	-85.4812	-83.2062
1693	-85.4812	-83.2063
1694	-85.4813	-83.2064
1695	-85.4814	-83.2065
1696	-85.4815	-83.2065
1697	-85.4815	-83.2066
1698	-85.4816	-83.2067
1699	-85.4817	-83.2068
1700	-85.4818	-83.2068
1701	-85.4818	-83.2069
1702	-85.4819	-83.207
1703	-85.482	-83.207
1704	-85.4821	-83.2071
1705	-85.4821	-83.2072
1706	-85.4822	-83.2072
1707	-85.4823	-83.2073
1708	-85.4823	-83.2074
1709	-85.4824	-83.2074
1710	-85.4825	-83.2075
1711	-85.4825	-83.2076
1712	-85.4826	-83.2076
1713	-85.4827	-83.2077
1714	-85.4827	-83.2078
1715	-85.4828	-83.2078
1716	-85.4829	-83.2079
1717	-85.4829	-83.208
1718	-85.483	-83.208
1719	-85.4831	-83.2081
1720	-85.4831	-83.2081
1721	-85.4832	-83.2082
1722	-85.4833	-83.2083
1723	-85.4833	-83.2083
1724	-85.4834	-83.2084
1725	-85.4834	-83.2084
1726	-85.4835	-83.2085
1727	-85.4836	-83.2086
1728	-85.4836	-83.2086
1729	-85.4837	-83.2087
1730	-85.4837	-83.2087
1731	-85.4838	-83.2088
1732	-85.4839	-83.2088
1733	-85.4839	-83.2089
1734	-85.484	-83.209
1735	-85.484	-83.209
1736	-85.4841	-83.2091
1737	-85.4841	-83.2091
1738	-85.4842	-83.2092
1739	-85.4842	-83.2092
1740	-85.4843	-83.2093
1741	-85.4844	-83.2093
1742	-85.4844	-83.2094
1743	-85.4845	-83.2094
1744	-85.4845	-83.2095
1745	-85.4846	-83.2095
1746	-85.4846	-83.2096
1747	-85.4847	-83.2096
1748	-85.4847	-83.2097
1749	-85.4848	-83.2097
1750	-85.4848	-83.2098
1751	-85.4849	-83.2098
1752	-85.4849	-83.2099
1753	-85.485	-83.2099
1754	-85.485	-83.21
1755	-85.4851	-83.21
1756	-85.4851	-83.2101
1757	-85.4852	-83.2101
1758	-85.4852	-83.2102
1759	-85.4853	-83.2102
1760	-85.4853	-83.2103
1761	-85.4854	-83.2103
1762	-85.4854	-83.2104
1763	-85.4855	-83.2104
1764	-85.4855	-83.2105
1765	-85.4856	-83.2105
1766	-85.4856	-83.2105
1767	-85.4856	-83.2106
1768	-85.4857	-83.2106
1769	-85.4857	-83.2107
1770	-85.4858	-83.2107
1771	-85.4858	-83.2108
1772	-85.4859	-83.2108
1773	-85.4859	-83.2108
1774	-85.486	-83.2109
1775	-85.486	-83.2109
1776	-85.486	-83.211
1777	-85.4861	-83.211
1778	-85.4861	-83.2111
1779	-85.4862	-83.2111
1780	-85.4862	-83.2111
1781	-85.4863	-83.2112
1782	-85.4863	-83.2112
1783	-85.4863	-83.2113
1784	-85.4864	-83.2113
1785	-85.4864	-83.2113
1786	-85.4865	-83.2114
1787	-85.4865	-83.2114
1788	-85.4865	-83.2115
1789	-85.4866	-83.2115
1790	-85.4866	-83.2115
1791	-85.4867	-83.2116
1792	-85.4867	-83.2116
1793	-85.4867	-83.2116
1794	-85.4868	-83.2117
1795	-85.4868	-83.2117
1796	-85.4869	-83.2118
1797	-85.4869	-83.2118
1798	-85.4869	-83.2118
1799	-85.487	-83.2119
1800	-85.487	-83.2119
1801	-85.487	-83.2119
1802	-85.4871	-83.212
1803	-85.4871	-83.212
1804	-85.4872	-83.212
1805	-85.4872	-83.2121
1806	-85.4872	-83.2121
1807	-85.4873	-83.2122
1808	-85.4873	-83.2122
1809	-85.4873	-83.2122
1810	-85.4874	-83.2123
1811	-85.4874	-83.2123
1812	-85.4874	-83.2123
1813	-85.4875	-83.2124
1814	-85.4875	-83.2124
1815	-85.4875	-83.2124
1816	-85.4876	-83.2125
1817	-85.4876	-83.2125
1818	-85.4876	-83.2125
1819	-85.4877	-83.2126
1820	-85.4877	-83.2126
1821	-85.4877	-83.2126
1822	-85.4878	-83.2127
1823	-85.4878	-83.2127
1824	-85.4878	-83.2127
1825	-85.4879	-83.2127
1826	-85.4879	-83.2128
1827	-85.4879	-83.2128
1828	-85.488	-83.2128
1829	-85.488	-83.2129
1830	-85.488	-83.2129
1831	-85.4881	-83.2129
1832	-85.4881	-83.213
1833	-85.4881	-83.213
1834	-85.4882	-83.213
1835	-85.4882	-83.2131
1836	-85.4882	-83.2131
1837	-85.4883	-83.2131
1838	-85.4883	-83.2131
1839	-85.4883	-83.2132
1840	-85.4883	-83.2132
1841	-85.4884	-83.2132
1842	-85.4884	-83.2133
1843	-85.4884	-83.2133
1844	-85.4885	-83.2133
1845	-85.4885	-83.2133
1846	-85.4885	-83.2134
1847	-85.4885	-83.2134
1848	-85.4886	-83.2134
1849	-85.4886	-83.2135
1850	-85.4886	-83.2135
1851	-85.4887	-83.2135
1852	-85.4887	-83.2135
1853	-85.4887	-83.2136
1854	-85.4887	-83.2136
1855	-85.4888	-83.2136
1856	-85.4888	-83.2136
1857	-85.4888	-83.2137
1858	-85.4889	-83.2137
1859	-85.4889	-83.2137
1860	-85.4889	-83.2138
1861	-85.4889	-83.2138
1862	-85.489	-83.2138
1863	-85.489	-83.2138
1864	-85.489	-83.2139
1865	-85.489	-83.2139
1866	-85.4891	-83.2139
1867	-85.4891	-83.2139
1868	-85.4891	-83.214
1869	-85.4892	-83.214
1870	-85.4892	-83.214
1871	-85.4892	-83.214
1872	-85.4892	-83.2141
1873	-85.4893	-83.2141
1874	-85.4893	-83.2141
1875	-85.4893	-83.2141
1876	-85.4893	-83.2142
1877	-85.4894	-83.2142
1878	-85.4894	-83.2142
1879	-85.4894	-83.2142
1880	-85.4894	-83.2143
1881	-85.4895	-83.2143
1882	-85.4895	-83.2143
1883	-85.4895	-83.2143
1884	-85.4895	-83.2144
1885	-85.4896	-83.2144
1886	-85.4896	-83.2144
1887	-85.4896	-83.2144
1888	-85.4896	-83.2144
1889	-85.4897	-83.2145
1890	-85.4897	-83.2145
1891	-85.4897	-83.2145
1892	-85.4897	-83.2145
1893	-85.4897	-83.2146
1894	-85.4898	-83.2146
1895	-85.4898	-83.2146
1896	-85.4898	-83.2146
1897	-85.4898	-83.2147
1898	-85.4899	-83.2147
1899	-85.4899	-83.2147
1900	-85.4899	-83.2147
1901	-85.4899	-83.2147
1902	-85.49	-83.2148
1903	-85.49	-83.2148
1904	-85.49	-83.2148
1905	-85.49	-83.2148
1906	-85.49	-83.2148
1907	-85.4901	-83.2149
1908	-85.4901	-83.2149
1909	-85.4901	-83.2149
1910	-85.4901	-83.2149
1911	-85.4902	-83.215
1912	-85.4902	-83.215
1913	-85.4902	-83.215
1914	-85.4902	-83.215
1915	-85.4902	-83.215
1916	-85.4903	-83.2151
1917	-85.4903	-83.2151
1918	-85.4903	-83.2151
1919	-85.4903	-83.2151
1920	-85.4904	-83.2151
1921	-85.4904	-83.2152
1922	-85.4904	-83.2152
1923	-85.4904	-83.2152
1924	-85.4904	-83.2152
1925	-85.4905	-83.2152
1926	-85.4905	-83.2153
1927	-85.4905	-83.2153
1928	-85.4905	-83.2153
1929	-85.4905	-83.2153
1930	-85.4906	-83.2153
1931	-85.4906	-83.2154
1932	-85.4906	-83.2154
1933	-85.4906	-83.2154
1934	-85.4906	-83.2154
1935	-85.4907	-83.2154
1936	-85.4907	-83.2155
1937	-85.4907	-83.2155
1938	-85.4907	-83.2155
1939	-85.4907	-83.2155
1940	-85.4908	-83.2155
1941	-85.4908	-83.2156
1942	-85.4908	-83.2156
1943	-85.4908	-83.2156
1944	-85.4908	-83.2156
1945	-85.4909	-83.2156
1946	-85.4909	-83.2157
1947	-85.4909	-83.2157
1948	-85.4909	-83.2157
1949	-85.4909	-83.2157
1950	-85.491	-83.2157
1951	-85.491	-83.2158
1952	-85.491	-83.2158
1953	-85.491	-83.2158
1954	-85.491	-83.2158
1955	-85.4911	-83.2158
1956	-85.4911	-83.2158
1957	-85.4911	-83.2159
1958	-85.4911	-83.2159
1959	-85.4911	-83.2159
1960	-85.4912	-83.2159
1961	-85.4912	-83.2159
1962	-85.4912	-83.216
1963	-85.4912	-83.216
1964	-85.4912	-83.216
1965	-85.4913	-83.216
1966	-85.4913	-83.216
1967	-85.4913	-83.216
1968	-85.4913	-83.2161
1969	-85.4913	-83.2161
1970	-85.4913	-83.2161
1971	-85.4914	-83.2161
1972	-85.4914	-83.2161
1973	-85.4914	-83.2162
1974	-85.4914	-83.2162
1975	-85.4914	-83.2162
1976	-85.4915	-83.2162
1977	-85.4915	-83.2162
1978	-85.4915	-83.2162
1979	-85.4915	-83.2163
1980	-85.4915	-83.2163
1981	-85.4915	-83.2163
1982	-85.4916	-83.2163
1983	-85.4916	-83.2163
1984	-85.4916	-83.2163
1985	-85.4916	-83.2164
1986	-85.4916	-83.2164
1987	-85.4917	-83.2164
1988	-85.4917	-83.2164
1989	-85.4917	-83.2164
1990	-85.4917	-83.2165
1991	-85.4917	-83.2165
1992	-85.4917	-83.2165
1993	-85.4918	-83.2165
1994	-85.4918	-83.2165
1995	-85.4918	-83.2165
1996	-85.4918	-83.2166
1997	-85.4918	-83.2166
1998	-85.4918	-83.2166
1999	-85.4919	-83.2166
2000	-85.4919	-83.2166
2001	-85.4919	-83.2166
2002	-85.4919	-83.2167
2003	-85.4919	-83.2167
2004	-85.4919	-83.2167
2005	-85.492	-83.2167
2006	-85.492	-83.2167
2007	-85.492	-83.2167
2008	-85.492	-83.2168
2009	-85.492	-83.2168
2010	-85.4921	-83.2168
2011	-85.4921	-83.2168
2012	-85.4921	-83.2168
2013	-85.4921	-83.2168
2014	-85.4921	-83.2168
2015	-85.4921	-83.2169
2016	-85.4922	-83.2169
2017	-85.4922	-83.2169
2018	-85.4922	-83.2169
2019	-85.4922	-83.2169
2020	-85.4922	-83.2169
2021	17.2799	-70.5385
2022	24.9743	-32.2055
2023	15.2864	-12.3489
2024	10.1279	-2.92568
2025	7.65743	1.37299
2026	6.64352	3.23056
2027	6.44453	3.97967
2028	6.71384	4.27479
2029	7.24677	4.42344
2030	7.91243	4.55431
2031	8.62371	4.706
2032	9.32338	4.87518
2033	9.97641	5.04284
2034	10.5644	5.18804
2035	11.0811	5.29437
2036	11.5279	5.35205
2037	11.9102	5.35756
2038	12.2354	5.31215
2039	12.5118	5.22036
2040	12.747	5.08851
2041	12.9473	4.92348
2042	13.1182	4.73192
2043	13.2638	4.51971
2044	13.3871	4.29175
2045	13.4905	4.05197
2046	13.5758	3.80338
2047	13.6441	3.54821
2048	13.6964	3.28806
2049	13.7335	3.02407
2050	13.7559	2.75697
2051	13.7641	2.48728
2052	13.7585	2.21532
2053	13.7395	1.94131
2054	13.7076	1.66537
2055	13.6631	1.38761
2056	13.6064	1.1081
2057	13.538	0.826934
2058	13.4582	0.544182
2059	13.3675	0.259936
2060	13.2663	-0.0257011
2061	13.155	-0.312618
2062	13.0342	-0.600692
2063	12.9042	-0.889793
2064	12.7655	-1.17979
2065	12.6185	-1.47053
2066	12.4636	-1.76189
2067	12.3011	-2.05373
2068	12.1316	-2.3459
2069	11.9554	-2.63828
2070	11.7727	-2.93075
2071	11.5841	-3.22319
2072	11.3896	-3.51549
2073	11.1898	-3.80756
2074	10.9848	-4.09931
2075	10.7749	-4.39066
2076	10.5604	-4.68153
2077	10.3414	-4.97189
2078	10.1182	-5.26167
2079	9.89096	-5.55084
2080	9.65984	-5.83938
2081	9.425	-6.12726
2082	9.18657	-6.41447
2083	8.94469	-6.70102
2084	8.69945	-6.9869
2085	8.45095	-7.27213
2086	8.19928	-7.55673
2087	7.9445	-7.84073
2088	7.68668	-8.12416
2089	7.42586	-8.40705
2090	7.16208	-8.68945
2091	6.89537	-8.97141
2092	6.62575	-9.25297
2093	6.35323	-9.5342
2094	6.07781	-9.81516
2095	5.79948	-10.0959
2096	5.51823	-10.3765
2097	5.23402	-10.6571
2098	4.94684	-10.9376
2099	4.65662	-11.2183
2100	4.36333	-11.4991
2101	4.06689	-11.7802
2102	3.76724	-12.0617
2103	3.4643	-12.3436
2104	3.15797	-12.6261
2105	2.84815	-12.9093
2106	2.53472	-13.1934
2107	2.21755	-13.4783
2108	1.89649	-13.7644
2109	1.57138	-14.0517
2110	1.24206	-14.3403
2111	0.908311	-14.6305
2112	0.569936	-14.9225
2113	0.226697	-15.2163
2114	-0.121661	-15.5123
2115	-0.475419	-15.8106
2116	-0.834879	-16.1115
2117	-1.20037	-16.4153
2118	-1.57226	-16.7221
2119	-1.95092	-17.0324
2120	-2.3368	-17.3463
2121	-2.73033	-17.6644
2122	-3.13201	-17.9868
2123	-3.54238	-18.3141
2124	-3.96201	-18.6466
2125	-4.39151	-18.9847
2126	-4.83153	-19.329
2127	-5.2828	-19.68
2128	-5.74605	-20.0382
2129	-6.2221	-20.4041
2130	-6.71181	-20.7785
2131	-7.21606	-21.1619
2132	-7.73584	-21.5552
2133	-8.27213	-21.9589
2134	-8.82601	-22.3739
2135	-9.39857	-22.8009
2136	-9.99096	-23.2409
2137	-10.6043	-23.6948
2138	-11.2399	-24.1633
2139	-11.899	-24.6475
2140	-12.5826	-25.1483
2141	-13.2921	-25.6666
2142	-14.0285	-26.2035
2143	-14.7931	-26.7597
2144	-15.5868	-27.3363
2145	-16.4105	-27.934
2146	-17.2651	-28.5536
2147	-18.151	-29.1957
2148	-19.0689	-29.861
2149	-20.0189	-30.5498
2150	-21.0011	-31.2625
2151	-22.0153	-31.9991
2152	-23.0611	-32.7598
2153	-24.1382	-33.5443
2154	-25.2457	-34.3524
2155	-26.383	-35.1835
2156	-27.5493	-36.0374
2157	-28.7437	-36.9134
2158	-29.9656	-37.8109
2159	-31.2145	-38.7296
2160	-32.49	-39.6689
2161	-33.7922	-40.6287
2162	-35.1215	-41.6089
2163	-36.4786	-42.6098
2164	-37.8628	-43.6317
2165	-39.271	-44.6736
2166	-40.7092	-45.7361
2167	-42.1823	-46.8214
2168	-43.6942	-47.9325
2169	-45.2492	-49.0726
2170	-46.8512	-50.245
2171	-48.504	-51.4533
2172	-50.2113	-52.701
2173	-51.9755	-53.9912
2174	-53.7974	-55.3268
2175	-55.675	-56.7093
2176	-57.6024	-58.1384
2177	-59.5685	-59.6115
2178	-61.5561	-61.1222
2179	-63.5423	-62.6598
2180	-65.4995	-64.2098
2181	-67.398	-65.7535
2182	-69.2095	-67.2703
2183	-70.9097	-68.739
2184	-72.4812	-70.1401
2185	-73.914	-71.4578
2186	-75.2051	-72.6804
2187	-76.3576	-73.8015
2188	-77.3786	-74.8186
2189	-78.2783	-75.7335
2190	-79.068	-76.5505
2191	-79.7593	-77.276
2192	-80.3637	-77.9174
2193	-80.8917	-78.4827
2194	-81.3529	-78.9798
2195	-81.7557	-79.416
2196	-82.1077	-79.7985
2197	-82.4153	-80.1336
2198	-82.6843	-80.4269
2199	-82.9195	-80.6835
2200	-83.1253	-80.908
2201	-83.3055	-81.1043
2202	-83.4634	-81.2759
2203	-83.6017	-81.4259
2204	-83.7231	-81.5569
2205	-83.8298	-81.6714
2206	-83.9235	-81.7714
2207	-84.0062	-81.8589
2208	-84.0791	-81.9353
2209	-84.1436	-82.0022
2210	-84.2008	-82.0609
2211	-84.2517	-82.1123
2212	-84.2971	-82.1574
2213	-84.3377	-82.1972
2214	-84.3743	-82.2323
2215	-84.4072	-82.2634
2216	-84.4371	-82.291
2217	-84.4643	-82.3156
2218	-84.4892	-82.3376
2219	-84.512	-82.3574
2220	-84.5331	-82.3753
2221	-84.5527	-82.3916
2222	-84.5709	-82.4065
2223	-84.588	-82.4201
2224	-84.604	-82.4328
2225	-84.6192	-82.4445
2226	-84.6336	-82.4556
2227	-84.6473	-82.4659
2228	-84.6604	-82.4758
2229	-84.673	-82.4851
2230	-84.6851	-82.4941
2231	-84.6968	-82.5027
2232	-84.7081	-82.511
2233	-84.719	-82.5191
2234	-84.7297	-82.5269
2235	-84.74	-82.5346
2236	-84.7502	-82.5421
2237	-84.7601	-82.5494
2238	-84.7697	-82.5567
2239	-84.7792	-82.5638
2240	-84.7885	-82.5708
2241	-84.7976	-82.5778
2242	-84.8066	-82.5847
2243	-84.8154	-82.5915
2244	-84.824	-82.5982
2245	-84.8325	-82.6049
2246	-84.8409	-82.6115
2247	-84.8492	-82.6181
2248	-84.8573	-82.6246
2249	-84.8653	-82.6311
2250	-84.8732	-82.6375
2251	-84.881	-82.6438
2252	-84.8887	-82.6502
2253	-84.8962	-82.6564
2254	-84.9037	-82.6627
2255	-84.9111	-82.6688
2256	-84.9183	-82.675
2257	-84.9255	-82.681
2258	-84.9325	-82.687
2259	-84.9395	-82.693
2260	-84.9464	-82.6989
2261	-84.9532	-82.7048
2262	-84.9599	-82.7106
2263	-84.9665	-82.7164
2264	-84.973	-82.7221
2265	-84.9794	-82.7278
2266	-84.9857	-82.7334
2267	-84.992	-82.7389
2268	-84.9981	-82.7444
2269	-85.0042	-82.7499
2270	-85.0102	-82.7552
2271	-85.0161	-82.7606
2272	-85.022	-82.7658
2273	-85.0277	-82.7711
2274	-85.0334	-82.7762
2275	-85.039	-82.7813
2276	-85.0446	-82.7864
2277	-85.05	-82.7914
2278	-85.0554	-82.7963
2279	-85.0607	-82.8012
2280	-85.0659	-82.806
2281	-85.0711	-82.8108
2282	-85.0762	-82.8155
2283	-85.0812	-82.8202
2284	-85.0862	-82.8248
2285	-85.0911	-82.8294
2286	-85.0959	-82.8339
2287	-85.1006	-82.8383
2288	-85.1053	-82.8427
2289	-85.11	-82.8471
2290	-85.1145	-82.8514
2291	-85.119	-82.8556
2292	-85.1235	-82.8598
2293	-85.1279	-82.864
2294	-85.1322	-82.868
2295	-85.1365	-82.8721
2296	-85.1407	-82.8761
2297	-85.1448	-82.88
2298	-85.1489	-82.8839
2299	-85.153	-82.8877
2300	-85.1569	-82.8915
2301	-85.1609	-82.8953
2302	-85.1648	-82.899
2303	-85.1686	-82.9027
2304	-85.1724	-82.9063
2305	-85.1761	-82.9098
2306	-85.1798	-82.9134
2307	-85.1834	-82.9168
2308	-85.187	-82.9203
2309	-85.1905	-82.9237
2310	-85.194	-82.927
2311	-85.1974	-82.9303
2312	-85.2008	-82.9336
2313	-85.2042	-82.9368
2314	-85.2075	-82.94
2315	-85.2108	-82.9431
2316	-85.214	-82.9462
2317	-85.2172	-82.9493
2318	-85.2203	-82.9523
2319	-85.2234	-82.9553
2320	-85.2265	-82.9583
2321	-85.2295	-82.9612
2322	-85.2324	-82.9641
2323	-85.2354	-82.9669
2324	-85.2383	-82.9697
2325	-85.2412	-82.9725
2326	-85.244	-82.9752
2327	-85.2468	-82.9779
2328	-85.2495	-82.9806
2329	-85.2523	-82.9832
2330	-85.2549	-82.9858
2331	-85.2576	-82.9884
2332	-85.2602	-82.991
2333	-85.2628	-82.9935
2334	-85.2654	-82.9959
2335	-85.2679	-82.9984
2336	-85.2704	-83.0008
2337	-85.2728	-83.0032
2338	-85.2752	-83.0056
2339	-85.2776	-83.0079
2340	-85.28	-83.0102
2341	-85.2823	-83.0125
2342	-85.2847	-83.0147
2343	-85.2869	-83.0169
2344	-85.2892	-83.0191
2345	-85.2914	-83.0213
2346	-85.2936	-83.0234
2347	-85.2958	-83.0255
2348	-85.2979	-83.0276
2349	-85.3	-83.0297
2350	-85.3021	-83.0317
2351	-85.3042	-83.0337
2352	-85.3062	-83.0357
2353	-85.3083	-83.0377
2354	-85.3103	-83.0396
2355	-85.3122	-83.0415
2356	-85.3142	-83.0434
2357	-85.3161	-83.0453
2358	-85.318	-83.0471
2359	-85.3199	-83.049
2360	-85.3217	-83.0508
2361	-85.3235	-83.0526
2362	-85.3254	-83.0543
2363	-85.3271	-83.0561
2364	-85.3289	-83.0578
2365	-85.3307	-83.0595
2366	-85.3324	-83.0612
2367	-85.3341	-83.0628
2368	-85.3358	-83.0645
2369	-85.3374	-83.0661
2370	-85.3391	-83.0677
2371	-85.3407	-83.0693
2372	-85.3423	-83.0708
2373	-85.3439	-83.0724
2374	-85.3455	-83.0739
2375	-85.347	-83.0754
2376	-85.3486	-83.0769
2377	-85.3501	-83.0784
2378	-85.3516	-83.0799
2379	-85.3531	-83.0813
2380	-85.3545	-83.0827
2381	-85.356	-83.0842
2382	-85.3574	-83.0856
2383	-85.3588	-83.0869
2384	-85.3602	-83.0883
2385	-85.3616	-83.0896
2386	-85.363	-83.091
2387	-85.3643	-83.0923
2388	-85.3657	-83.0936
2389	-85.367	-83.0949
2390	-85.3683	-83.0962
2391	-85.3696	-83.0974
2392	-85.3709	-83.0987
2393	-85.3721	-83.0999
2394	-85.3734	-83.1011
2395	-85.3746	-83.1023
2396	-85.3758	-83.1035
2397	-85.377	-83.1047
2398	-85.3782	-83.1059
2399	-85.3794	-83.107
2400	-85.3806	-83.1081
2401	-85.3817	-83.1093
2402	-85.3829	-83.1104
2403	-85.384	-83.1115
2404	-85.3851	-83.1126
2405	-85.3862	-83.1137
2406	-85.3873	-83.1147
2407	-85.3884	-83.1158
2408	-85.3895	-83.1168
2409	-85.3905	-83.1179
2410	-85.3916	-83.1189
2411	-85.3926	-83.1199
2412	-85.3936	-83.1209
2413	-85.3946	-83.1219
2414	-85.3957	-83.1228
2415	-85.3966	-83.1238
2416	-85.3976	-83.1248
2417	-85.3986	-83.1257
2418	-85.3996	-83.1266
2419	-85.4005	-83.1276
2420	-85.4014	-83.1285
2421	-85.4024	-83.1294
2422	-85.4033	-83.1303
2423	-85.4042	-83.1312
2424	-85.4051	-83.1321
2425	-85.406	-83.1329
2426	-85.4069	-83.1338
2427	-85.4077	-83.1346
2428	-85.4086	-83.1355
2429	-85.4095	-83.1363
2430	-85.4103	-83.1371
2431	-85.4111	-83.1379
2432	-85.412	-83.1387
2433	-85.4128	-83.1395
2434	-85.4136	-83.1403
2435	-85.4144	-83.1411
2436	-85.4152	-83.1419
2437	-85.416	-83.1426
2438	-85.4167	-83.1434
2439	-85.4175	-83.1441
2440	-85.4183	-83.1449
2441	-85.419	-83.1456
2442	-85.4198	-83.1463
2443	-85.4205	-83.1471
2444	-85.4212	-83.1478
2445	-85.422	-83.1485
2446	-85.4227	-83.1492
2447	-85.4234	-83.1499
2448	-85.4241	-83.1505
2449	-85.4248	-83.1512
2450	-85.4255	-83.1519
2451	-85.4261	-83.1525
2452	-85.4268	-83.1532
2453	-85.4275	-83.1538
2454	-85.4281	-83.1545
2455	-85.4288	-83.1551
2456	-85.4294	-83.1557
2457	-85.4301	-83.1564
2458	-85.4307	-83.157
2459	-85.4313	-83.1576
2460	-85.4319	-83.1582
2461	-85.4325	-83.1588
2462	-85.4332	-83.1594
2463	-85.4338	-83.16
2464	-85.4343	-83.1605
2465	-85.4349	-83.1611
2466	-85.4355	-83.1617
2467	-85.4361	-83.1622
2468	-85.4367	-83.1628
2469	-85.4372	-83.1634
2470	-85.4378	-83.1639
2471	-85.4383	-83.1644
2472	-85.4389	-83.165
2473	-85.4394	-83.1655
2474	-85.44	-83.166
2475	-85.4405	-83.1665
2476	-85.441	-83.1671
2477	-85.4416	-83.1676
2478	-85.4421	-83.1681
2479	-85.4426	-83.1686
2480	-85.4431	-83.1691
2481	-85.4436	-83.1695
2482	-85.4441	-83.17
2483	-85.4446	-83.1705
2484	-85.4451	-83.171
2485	-85.4455	-83.1714
2486	-85.446	-83.1719
2487	-85.4465	-83.1724
2488	-85.447	-83.1728
2489	-85.4474	-83.1733
2490	-85.4479	-83.1737
2491	-85.4483	-83.1742
2492	-85.4488	-83.1746
2493	-85.4492	-83.175
2494	-85.4497	-83.1755
2495	-85.4501	-83.1759
2496	-85.4505	-83.1763
2497	-85.451	-83.1767
2498	-85.4514	-83.1771
2499	-85.4518	-83.1776
2500	-85.4522	-83.178
2501	-85.4526	-83.1784
2502	-85.4531	-83.1788
2503	-85.4535	-83.1791
2504	-85.4539	-83.1795
2505	-85.4543	-83.1799
2506	-85.4547	-83.1803
2507	-85.455	-83.1807
2508	-85.4554	-83.1811
2509	-85.4558	-83.1814
2510	-85.4562	-83.1818
2511	-85.4566	-83.1822
2512	-85.4569	-83.1825
2513	-85.4573	-83.1829
2514	-85.4577	-83.1832
2515	-85.458	-83.1836
2516	-85.4584	-83.1839
2517	-85.4587	-83.1843
2518	-85.4591	-83.1846
2519	-85.4594	-83.185
2520	-85.4598	-83.1853
2521	-85.4601	-83.1856
2522	-85.4605	-83.186
2523	-85.4608	-83.1863
2524	-85.4611	-83.1866
2525	-85.4614	-83.1869
2526	-85.4618	-83.1872
2527	-85.4621	-83.1875
2528	-85.4624	-83.1879
2529	-85.4627	-83.1882
2530	-85.463	-83.1885
2531	-85.4634	-83.1888
2532	-85.4637	-83.1891
2533	-85.464	-83.1894
2534	-85.4643	-83.1897
2535	-85.4646	-83.1899
2536	-85.4649	-83.1902
2537	-85.4652	-83.1905
2538	-85.4654	-83.1908
2539	-85.4657	-83.1911
2540	-85.466	-83.1914
2541	-85.4663	-83.1916
2542	-85.4666	-83.1919
2543	-85.4669	-83.1922
2544	-85.4671	-83.1924
2545	-85.4674	-83.1927
2546	-85.4677	-83.193
2547	-85.4679	-83.1932
2548	-85.4682	-83.1935
2549	-85.4685	-83.1937
2550	-85.4687	-83.194
2551	-85.469	-83.1942
2552	-85.4692	-83.1945
2553	-85.4695	-83.1947
2554	-85.4697	-83.195
2555	-85.47	-83.1952
2556	-85.4702	-83.1955
2557	-85.4705	-83.1957
2558	-85.4707	-83.1959
2559	-85.471	-83.1962
2560	-85.4712	-83.1964
2561	-85.4714	-83.1966
2562	-85.4717	-83.1969
2563	-85.4719	-83.1971
2564	-85.4721	-83.1973
2565	-85.4724	-83.1975
2566	-85.4726	-83.1977
2567	-85.4728	-83.198
2568	-85.473	-83.1982
2569	-85.4732	-83.1984
2570	-85.4735	-83.1986
2571	-85.4737	-83.1988
2572	-85.4739	-83.199
2573	-85.4741	-83.1992
2574	-85.4743	-83.1994
2575	-85.4745	-83.1996
2576	-85.4747	-83.1998
2577	-85.4749	-83.2
2578	-85.4751	-83.2002
2579	-85.4753	-83.2004
2580	-85.4755	-83.2006
2581	-85.4757	-83.2008
2582	-85.4759	-83.201
2583	-85.4761	-83.2012
2584	-85.4763	-83.2013
2585	-85.4765	-83.2015
2586	-85.4767	-83.2017
2587	-85.4769	-83.2019
2588	-85.477	-83.2021
2589	-85.4772	-83.2023
2590	-85.4774	-83.2024
2591	-85.4776	-83.2026
2592	-85.4778	-83.2028
2593	-85.4779	-83.2029
2594	-85.4781	-83.2031
2595	-85.4783	-83.2033
2596	-85.4785	-83.2035
2597	-85.4786	-83.2036
2598	-85.4788	-83.2038
2599	-85.479	-83.2039
2600	-85.4791	-83.2041
2601	-85.4793	-83.2043
2602	-85.4795	-83.2044
2603	-85.4796	-83.2046
2604	-85.4798	-83.2047
2605	-85.4799	-83.2049
2606	-85.4801	-83.205
2607	-85.4803	-83.2052
2608	-85.4804	-83.2054
2609	-85.4806	-83.2055
2610	-85.4807	-83.2056
2611	-85.4809	-83.2058
2612	-85.481	-83.2059
2613	-85.4812	-83.2061
2614	-85.4813	-83.2062
2615	-85.4815	-83.2064
2616	-85.4816	-83.2065
2617	-85.4817	-83.2066
2618	-85.4819	-83.2068
2619	-85.482	-83.2069
2620	-85.4822	-83.2071
2621	-85.4823	-83.2072
2622	-85.4824	-83.2073
2623	-85.4826	-83.2075
2624	-85.4827	-83.2076
2625	-85.4829	-83.2077
2626	-85.483	-83.2079
2627	-85.4831	-83.208
2628	-85.4832	-83.2081
2629	-85.4834	-83.2082
2630	-85.4835	-83.2084
2631	-85.4836	-83.2085
2632	-85.4838	-83.2086
2633	-85.4839	-83.2087
2634	-85.484	-83.2088
2635	-85.4841	-83.209
2636	-85.4843	-83.2091
2637	-85.4844	-83.2092
2638	-85.4845	-83.2093
2639	-85.4846	-83.2094
2640	-85.4847	-83.2095
2641	-85.4848	-83.2097
2642	-85.485	-83.2098
2643	-85.4851	-83.2099
2644	-85.4852	-83.21
2645	-85.4853	-83.2101
2646	-85.4854	-83.2102
2647	-85.4855	-83.2103
2648	-85.4856	-83.2104
2649	-85.4858	-83.2105
2650	-85.4859	-83.2106
2651	-85.486	-83.2107
2652	-85.4861	-83.2109
2653	-85.4862	-83.211
2654	-85.4863	-83.2111
2655	-85.4864	-83.2112
2656	-85.4865	-83.2113
2657	-85.4866	-83.2114
2658	-85.4867	-83.2115
2659	-85.4868	-83.2116
2660	-85.4869	-83.2117
2661	-85.487	-83.2118
2662	-85.4871	-83.2118
2663	-85.4872	-83.2119
2664	-85.4873	-83.212
2665	-85.4874	-83.2121
2666	-85.4875	-83.2122
2667	-85.4876	-83.2123
2668	-85.4877	-83.2124
2669	-85.4878	-83.2125
2670	-85.4879	-83.2126
2671	-85.488	-83.2127
2672	-85.488	-83.2128
2673	-85.4881	-83.2129
2674	-85.4882	-83.2129
2675	-85.4883	-83.213
2676	-85.4884	-83.2131
2677	-85.4885	-83.2132
2678	-85.4886	-83.2133
2679	-85.4887	-83.2134
2680	-85.4887	-83.2134
2681	-85.4888	-83.2135
2682	-85.4889	-83.2136
2683	-85.489	-83.2137
2684	-85.4891	-83.2138
2685	-85.4892	-83.2139
2686	-85.4892	-83.2139
2687	-85.4893	-83.214
2688	-85.4894	-83.2141
2689	-85.4895	-83.2142
2690	-85.4896	-83.2142
2691	-85.4896	-83.2143
2692	-85.4897	-83.2144
2693	-85.4898	-83.2145
2694	-85.4899	-83.2145
2695	-85.49	-83.2146
2696	-85.49	-83.2147
2697	-85.4901	-83.2148
2698	-85.4902	-83.2148
2699	-85.4903	-83.2149
2700	-85.4903	-83.215
2701	-85.4904	-83.215
2702	-85.4905	-83.2151
2703	-85.4905	-83.2152
2704	-85.4906	-83.2153
2705	-85.4907	-83.2153
2706	-85.4908	-83.2154
2707	-85.4908	-83.2155
2708	-85.4909	-83.2155
2709	-85.491	-83.2156
2710	-85.491	-83.2157
2711	-85.4911	-83.2157
2712	-85.4912	-83.2158
2713	-85.4912	-83.2159
2714	-85.4913	-83.2159
2715	-85.4914	-83.216
2716	-85.4914	-83.216
2717	-85.4915	-83.2161
2718	-85.4916	-83.2162
2719	-85.4916	-83.2162
2720	-85.4917	-83.2163
2721	-85.4917	-83.2164
2722	-85.4918	-83.2164
2723	-85.4919	-83.2165
2724	-85.4919	-83.2165
2725	-85.492	-83.2166
2726	-85.492	-83.2166
2727	-85.4921	-83.2167
2728	-85.4922	-83.2168
2729	-85.4922	-83.2168
2730	-85.4923	-83.2169
2731	-85.4923	-83.2169
2732	-85.4924	-83.217
2733	-85.4925	-83.217
2734	-85.4925	-83.2171
2735	-85.4926	-83.2172
2736	-85.4926	-83.2172
2737	-85.4927	-83.2173
2738	-85.4927	-83.2173
2739	-85.4928	-83.2174
2740	-85.4928	-83.2174
2741	-85.4929	-83.2175
2742	-85.493	-83.2175
2743	-85.493	-83.2176
2744	-85.4931	-83.2176
2745	-85.4931	-83.2177
2746	-85.4932	-83.2177
2747	-85.4932	-83.2178
2748	-85.4933	-83.2178
2749	-85.4933	-83.2179
2750	-85.4934	-83.2179
2751	-85.4934	-83.218
2752	-85.4935	-83.218
2753	-85.4935	-83.2181
2754	-85.4936	-83.2181
2755	-85.4936	-83.2182
2756	-85.4937	-83.2182
2757	-85.4937	-83.2183
2758	-85.4938	-83.2183
2759	-85.4938	-83.2184
2760	-85.4939	-83.2184
2761	-85.4939	-83.2185
2762	-85.494	-83.2185
2763	-85.494	-83.2185
2764	-85.4941	-83.2186
2765	-85.4941	-83.2186
2766	-85.4941	-83.2187
2767	-85.4942	-83.2187
2768	-85.4942	-83.2188
2769	-85.4943	-83.2188
2770	-85.4943	-83.2189
2771	-85.4944	-83.2189
2772	-85.4944	-83.2189
2773	-85.4945	-83.219
2774	-85.4945	-83.219
2775	-85.4945	-83.2191
2776	-85.4946	-83.2191
2777	-85.4946	-83.2192
2778	-85.4947	-83.2192
2779	-85.4947	-83.2192
2780	-85.4948	-83.2193
2781	-85.4948	-83.2193
2782	-85.4948	-83.2194
2783	-85.4949	-83.2194
2784	-85.4949	-83.2194
2785	-85.495	-83.2195
2786	-85.495	-83.2195
2787	-85.495	-83.2195
2788	-85.4951	-83.2196
2789	-85.4951	-83.2196
2790	-85.4952	-83.2197
2791	-85.4952	-83.2197
2792	-85.4952	-83.2197
2793	-85.4953	-83.2198
2794	-85.4953	-83.2198
2795	-85.4953	-83.2199
2796	-85.4954	-83.2199
2797	-85.4954	-83.2199
2798	-85.4955	-83.22
2799	-85.4955	-83.22
2800	-85.4955	-83.22
2801	-85.4956	-83.2201
2802	-85.4956	-83.2201
2803	-85.4956	-83.2201
2804	-85.4957	-83.2202
2805	-85.4957	-83.2202
2806	-85.4958	-83.2202
2807	-85.4958	-83.2203
2808	-85.4958	-83.2203
2809	-85.4959	-83.2203
2810	-85.4959	-83.2204
2811	-85.4959	-83.2204
2812	-85.496	-83.2204
2813	-85.496	-83.2205
2814	-85.496	-83.2205
2815	-85.4961	-83.2205
2816	-85.4961	-83.2206
2817	-85.4961	-83.2206
2818	-85.4962	-83.2206
2819	-85.4962	-83.2207
2820	-85.4962	-83.2207
2821	-85.4963	-83.2207
2822	-85.4963	-83.2208
2823	-85.4963	-83.2208
2824	-85.4964	-83.2208
2825	-85.4964	-83.2209
2826	-85.4964	-83.2209
2827	-85.4965	-83.2209
2828	-85.4965	-83.221
2829	-85.4965	-83.221
2830	-85.4965	-83.221
2831	-85.4966	-83.221
2832	-85.4966	-83.2211
2833	-85.4966	-83.2211
2834	-85.4967	-83.2211
2835	-85.4967	-83.2212
2836	-85.4967	-83.2212
2837	-85.4968	-83.2212
2838	-85.4968	-83.2212
2839	-85.4968	-83.2213
2840	-85.4968	-83.2213
2841	-85.4969	-83.2213
2842	-85.4969	-83.2214
2843	-85.4969	-83.2214
2844	-85.497	-83.2214
2845	-85.497	-83.2214
2846	-85.497	-83.2215
2847	-85.4971	-83.2215
2848	-85.4971	-83.2215
2849	-85.4971	-83.2216
2850	-85.4971	-83.2216
2851	-85.4972	-83.2216
2852	-85.4972	-83.2216
2853	-85.4972	-83.2217
2854	-85.4972	-83.2217
2855	-85.4973	-83.2217
2856	-85.4973	-83.2217
2857	-85.4973	-83.2218
2858	-85.4974	-83.2218
2859	-85.4974	-83.2218
2860	-85.4974	-83.2218
2861	-85.4974	-83.2219
2862	-85.4975	-83.2219
2863	-85.4975	-83.2219
2864	-85.4975	-83.2219
2865	-85.4975	-83.222
2866	-85.4976	-83.222
2867	-85.4976	-83.222
2868	-85.4976	-83.222
2869	-85.4976	-83.2221
2870	-85.4977	-83.2221
2871	-85.4977	-83.2221
2872	-85.4977	-83.2221
2873	-85.4977	-83.2222
2874	-85.4978	-83.2222
2875	-85.4978	-83.2222
2876	-85.4978	-83.2222
2877	-85.4978	-83.2223
2878	-85.4979	-83.2223
2879	-85.4979	-83.2223
2880	-85.4979	-83.2223
2881	-85.4979	-83.2224
2882	-85.498	-83.2224
2883	-85.498	-83.2224
2884	-85.498	-83.2224
2885	-85.498	-83.2225
2886	-85.4981	-83.2225
2887	-85.4981	-83.2225
2888	-85.4981	-83.2225
2889	-85.4981	-83.2225
2890	-85.4982	-83.2226
2891	-85.4982	-83.2226
2892	-85.4982	-83.2226
2893	-85.4982	-83.2226
2894	-85.4982	-83.2227
2895	-85.4983	-83.2227
2896	-85.4983	-83.2227
2897	-85.4983	-83.2227
2898	-85.4983	-83.2227
2899	-85.4984	-83.2228
2900	-85.4984	-83.2228
2901	-85.4984	-83.2228
2902	-85.4984	-83.2228
2903	-85.4984	-83.2229
2904	-85.4985	-83.2229
2905	-85.4985	-83.2229
2906	-85.4985	-83.2229
2907	-85.4985	-83.2229
2908	-85.4986	-83.223
2909	-85.4986	-83.223
2910	-85.4986	-83.223
2911	-85.4986	-83.223
2912	-85.4986	-83.223
2913	-85.4987	-83.2231
2914	-85.4987	-83.2231
2915	-85.4987	-83.2231
2916	-85.4987	-83.2231
2917	-85.4987	-83.2231
2918	-85.4988	-83.2232
2919	-85.4988	-83.2232
2920	-85.4988	-83.2232
2921	-85.4988	-83.2232
2922	-85.4988	-83.2232
2923	-85.4989	-83.2233
2924	-85.4989	-83.2233
2925	-85.4989	-83.2233
2926	-85.4989	-83.2233
2927	-85.499	-83.2233
2928	-85.499	-83.2234
2929	-85.499	-83.2234
2930	-85.499	-83.2234
2931	-85.499	-83.2234
2932	-85.499	-83.2234
2933	-85.4991	-83.2235
2934	-85.4991	-83.2235
2935	-85.4991	-83.2235
2936	-85.4991	-83.2235
2937	-85.4991	-83.2235
2938	-85.4992	-83.2235
2939	-85.4992	-83.2236
2940	-85.4992	-83.2236
2941	-85.4992	-83.2236
2942	-85.4992	-83.2236
2943	-85.4993	-83.2236
2944	-85.4993	-83.2237
2945	-85.4993	-83.2237
2946	-85.4993	-83.2237
2947	-85.4993	-83.2237
2948	-85.4994	-83.2237
2949	-85.4994	-83.2238
2950	-85.4994	-83.2238
2951	-85.4994	-83.2238
2952	-85.4994	-83.2238
2953	-85.4995	-83.2238
2954	-85.4995	-83.2238
2955	-85.4995	-83.2239
2956	-85.4995	-83.2239
2957	-85.4995	-83.2239
2958	-85.4995	-83.2239
2959	-85.4996	-83.2239
2960	-85.4996	-83.2239
2961	-85.4996	-83.224
2962	-85.4996	-83.224
2963	-85.4996	-83.224
2964	-85.4997	-83.224
2965	-85.4997	-83.224
2966	-85.4997	-83.2241
2967	-85.4997	-83.2241
2968	-85.4997	-83.2241
2969	-85.4997	-83.2241
2970	-85.4998	-83.2241
2971	-85.4998	-83.2241
2972	-85.4998	-83.2242
2973	-85.4998	-83.2242
2974	-85.4998	-83.2242
2975	-85.4998	-83.2242
2976	-85.4999	-83.2242
2977	-85.4999	-83.2242
2978	-85.4999	-83.2243
2979	-85.4999	-83.2243
2980	-85.4999	-83.2243
2981	-85.4999	-83.2243
2982	-85.5	-83.2243
2983	-85.5	-83.2243
2984	-85.5	-83.2244
2985	-85.5	-83.2244
2986	-85.5	-83.2244
2987	-85.5	-83.2244
2988	-85.5001	-83.2244
2989	-85.5001	-83.2244
2990	-85.5001	-83.2244
2991	-85.5001	-83.2245
2992	-85.5001	-83.2245
2993	-85.5001	-83.2245
2994	-85.5002	-83.2245
2995	-85.5002	-83.2245
2996	-85.5002	-83.2245
2997	-85.5002	-83.2246
2998	-85.5002	-83.2246
2999	-85.5002	-83.2246
3000	-85.5003	-83.2246
3001	-85.5003	-83.2246
3002	-85.5003	-83.2246
3003	-85.5003	-83.2247
3004	-85.5003	-83.2247
3005	-85.5003	-83.2247
3006	-85.5004	-83.2247
3007	-85.5004	-83.2247
3008	-85.5004	-83.2247
3009	-85.5004	-83.2247
3010	-85.5004	-83.2248
3011	-85.5004	-83.2248
3012	-85.5005	-83.2248
3013	-85.5005	-83.2248
3014	-85.5005	-83.2248
3015	-85.5005	-83.2248
3016	-85.5005	-83.2249
3017	-85.5005	-83.2249
3018	-85.5006	-83.2249
3019	-85.5006	-83.2249
3020	-85.5006	-83.2249
